iterations: 50
max moves: 1000
increment: 32.0
epsilon: 0.5

time: 1.7161333333333333
sum: 19454
average over 100: 1591.94
32.0, 0.0, 0.0, 0.0, 0.0, 64.0, 0.0, 0.0, 32.0, 0.0, 0.0, 0.0, 0.0, 0.0, 0.0, 0.0, 0.0, 0.0, 0.0, 0.0, 0.0, 0.0, 0.0, 0.0, 0.0, 0.0, 0.0, 0.0, 0.0, 0.0, 8.0, 3.2, 72.0

max moves: 1457
iterations: 50
time: 7.755083333333333
sum: 28427
average over 100: 2109.17
0.0, 0.0, 0.0, 0.0, 0.0, 64.0, 0.0, 0.0, 32.0, 0.0, 0.0, -4.0, -8.0, 0.0, 0.0, 0.0, 0.0, 0.0, 0.0, 0.0, 0.0, 0.0, 0.0, 0.0, 0.0, 0.0, 0.0, 0.0, 0.0, 0.0, 7.5, 3.2, 56.0

max moves: 1347
iterations: 50
time: 10.410866666666667
sum: 26495
average over 100: 4898.63
0.0, 0.0, 0.0, 0.0, 0.0, 64.0, 0.0, 0.0, 64.0, 0.0, 0.0, -4.0, -8.0, 0.0, 0.0, 0.0, 0.0, 0.0, 0.0, 0.0, 0.0, 0.0, 8.0, 0.0, 0.0, 0.0, 0.0, 0.0, 0.0, 0.0, 7.5, 3.2, 64.0

max moves: 3477
iterations: 50
time: 18.949333333333332
sum: 66431
average over 100: 5216.200000000001
0.0, 0.0, 0.0, 0.0, 0.0, 64.0, 0.0, 0.0, 64.0, 0.0, 0.0, -4.0, -8.0, 0.0, 0.0, 0.0, 0.0, 0.0, 0.0, 0.0, 0.0, 0.0, 8.0, 0.0, 0.0, 0.0, 0.0, 0.0, 0.0, 0.0, 7.5, 3.2, 64.0

max moves: 3248
iterations: 50
time: 32.25533333333333
sum: 62698
average over 100: 9261.49
0.0, -4.0, 0.0, 0.0, 0.0, 64.0, 0.0, 2.0, 100.0, 0.0, 0.0, -4.0, -8.0, 0.0, 0.0, -2.0, 0.0, 0.0, 0.0, 0.0, 0.0, 0.0, 8.0, 2.0, 8.0, 0.0, 0.0, 0.0, 8.0, 0.0, 7.5, 3.2, 72.0

max moves: 6027
iterations: 50
time: 43.01813333333333
sum: 115029
average over 100: 42619.57
-8.0, -4.0, -8.0, 0.0, 0.0, 32.0, 0.0, 2.0, 36.0, 0.0, 0.0, -4.0, -8.0, 0.0, 0.0, -2.0, 0.0, 0.0, 0.0, 0.0, 0.0, -8.0, 8.0, 2.0, 8.0, 0.0, 0.0, 0.0, 8.0, 0.0, 7.5, 3.2, 64.0

max moves: 24020
iterations: 50
time: 118.90203333333334
sum: 478015
average over 100: 116220.81
-8.0, -2.0, -8.0, 0.0, 0.0, 34.0, 0.0, 2.0, 36.0, 0.0, 0.0, -2.0, -8.0, 0.0, 2.0, -2.0, 0.0, 0.0, 0.0, 0.0, 2.0, -8.0, 8.0, 2.0, 8.0, 0.0, 0.0, 0.0, 8.0, 0.0, 7.5, 5.2, 72.0

max moves: 86372
iterations: 86
time: 702.94085
sum: 2691435
average over 100: 122896.33
-8.0, -2.0, -8.0, 0.0, 0.0, 34.0, 0.0, 2.0, 36.0, 0.0, 0.0, -2.0, -8.0, 0.0, 2.0, -2.0, 0.0, 0.0, 0.0, 0.0, 2.0, -8.0, 8.0, 2.0, 8.0, 0.0, 0.0, 0.0, 8.0, 0.0, 7.5, 5.2, 72.0

max moves: 95682
iterations: 95
time: 1541.2056666666667
sum: 3379401
average over 100: 119191.285
-8.0, -2.0, -8.0, 0.0, 0.0, 34.0, 0.0, 2.0, 36.0, 0.0, 0.0, -2.0, -8.0, 0.0, 2.0, -2.0, 0.0, 0.0, 0.0, 0.0, 2.0, -8.0, 8.0, 2.0, 8.0, 0.0, 0.0, 0.0, 8.0, 0.0, 7.5, 5.2, 72.0

max moves: 85584
iterations: 85
time: 1931.6462
sum: 2773182
average over 100: 187378.14
-8.0, -4.0, -10.0, 0.0, 0.5, 34.0, 0.0, 2.0, 36.0, 0.0, 0.0, -2.0, -8.0, 0.0, 0.0, -2.0, 0.0, 0.0, 0.0, 0.0, 2.0, -8.0, 6.0, 2.0, 8.0, 0.0, 2.0, 0.0, 8.0, 0.0, 7.5, 5.2, 72.5

max moves: 120470
iterations: 120
time: 3109.75045
sum: 5290547
average over 100: 173505.92
-8.0, -4.0, -10.0, 0.0, 0.5, 34.0, 0.0, 2.0, 36.0, 0.0, 0.0, -2.0, -8.0, 0.0, 0.0, -2.0, 0.0, 0.0, 0.0, 0.0, 2.0, -8.0, 6.0, 2.0, 8.0, 0.0, 2.0, 0.0, 8.0, 0.0, 7.5, 5.2, 72.5

max moves: 115923
iterations: 115
