iterations: 50
max moves: 1000
increment: 32.0
epsilon: 0.5

time: 10.532766666666667
sum: 19830
average over 100: 6519.24
64.0, -8.0, 8.0, 0.0, 0.0, 32.0, 0.0, 0.0, 106.0, 0.0, -2.0, 0.0, 0.0, 8.0, -0.5, 0.0, 0.0, 0.0, 0.0, 0.0, 0.0, 0.0, 0.0, 0.0, 0.0, 0.0, 0.0, 0.0, 8.0, 0.0, 0.0, 11.2, 96.0

max moves: 5172
iterations: 50
time: 32.39605
sum: 94884
average over 100: 6143.835
64.0, -8.0, 8.0, 0.0, 0.0, 32.0, 0.0, 0.0, 106.0, 0.0, -2.0, 0.0, 0.0, 8.0, -0.5, 0.0, 0.0, 0.0, 0.0, 0.0, 0.0, 0.0, 0.0, 0.0, 0.0, 0.0, 0.0, 0.0, 8.0, 0.0, 0.0, 11.2, 96.0

max moves: 4476
iterations: 50
time: 43.59086666666666
sum: 88902
average over 100: 20217.51
64.0, -8.0, 8.0, 0.0, 0.0, 40.0, 0.0, -0.5, 106.0, 0.0, -2.0, 8.0, 0.0, 8.0, -0.5, 8.0, 0.0, 0.0, 8.0, 0.0, 0.0, 0.0, 0.0, 0.0, 0.0, 0.0, 0.0, 0.0, 8.0, 0.0, 8.0, 11.2, 88.0

max moves: 13100
iterations: 50
time: 94.80661666666667
sum: 250911
average over 100: 19771.97
64.0, -8.0, 8.0, 0.0, 0.0, 40.0, 0.0, -0.5, 106.0, 0.0, -2.0, 8.0, 0.0, 8.0, -0.5, 8.0, 0.0, 0.0, 8.0, 0.0, 0.0, 0.0, 0.0, 0.0, 0.0, 0.0, 0.0, 0.0, 8.0, 0.0, 8.0, 11.2, 88.0

max moves: 10678
iterations: 50
time: 112.05436666666667
sum: 203401
average over 100: 21552.15
64.0, -8.0, 8.0, 0.0, 0.0, 40.0, 0.0, -0.5, 106.0, 0.0, -2.0, 8.0, 0.0, 8.0, -0.5, 8.0, 0.0, 0.0, 8.0, 0.0, 0.0, 0.0, 0.0, 0.0, 0.0, 0.0, 0.0, 0.0, 8.0, 0.0, 8.0, 11.2, 88.0

max moves: 11782
iterations: 50
time: 165.51915
sum: 218147
average over 100: 21907.54
64.0, -8.0, 8.0, 0.0, 0.0, 40.0, 0.0, -0.5, 106.0, 0.0, -2.0, 8.0, 0.0, 8.0, -0.5, 8.0, 0.0, 0.0, 8.0, 0.0, 0.0, 0.0, 0.0, 0.0, 0.0, 0.0, 0.0, 0.0, 8.0, 0.0, 8.0, 11.2, 88.0

max moves: 9993
iterations: 50
time: 220.90991666666667
sum: 190418
average over 100: 21129.370000000003
64.0, -8.0, 8.0, 0.0, 0.0, 40.0, 0.0, -0.5, 106.0, 0.0, -2.0, 8.0, 0.0, 8.0, -0.5, 8.0, 0.0, 0.0, 8.0, 0.0, 0.0, 0.0, 0.0, 0.0, 0.0, 0.0, 0.0, 0.0, 8.0, 0.0, 8.0, 11.2, 88.0

max moves: 9511
iterations: 50
time: 258.32623333333333
sum: 179674
average over 100: 20914.730000000003
64.0, -8.0, 8.0, 0.0, 0.0, 40.0, 0.0, -0.5, 106.0, 0.0, -2.0, 8.0, 0.0, 8.0, -0.5, 8.0, 0.0, 0.0, 8.0, 0.0, 0.0, 0.0, 0.0, 0.0, 0.0, 0.0, 0.0, 0.0, 8.0, 0.0, 8.0, 11.2, 88.0

max moves: 7269
iterations: 50
time: 293.74465
sum: 136395
average over 100: 21190.47
64.0, -8.0, 8.0, 0.0, 0.0, 40.0, 0.0, -0.5, 106.0, 0.0, -2.0, 8.0, 0.0, 8.0, -0.5, 8.0, 0.0, 0.0, 8.0, 0.0, 0.0, 0.0, 0.0, 0.0, 0.0, 0.0, 0.0, 0.0, 8.0, 0.0, 8.0, 11.2, 88.0

max moves: 6059
iterations: 50
time: 310.3702333333333
sum: 117964
average over 100: 21830.875
64.0, -8.0, 8.0, 0.0, 0.0, 40.0, 0.0, -0.5, 106.0, 0.0, -2.0, 8.0, 0.0, 8.0, -0.5, 8.0, 0.0, 0.0, 8.0, 0.0, 0.0, 0.0, 0.0, 0.0, 0.0, 0.0, 0.0, 0.0, 8.0, 0.0, 8.0, 11.2, 88.0

max moves: 7855
iterations: 50
time: 332.74581666666666
sum: 153710
average over 100: 21679.447500000002
64.0, -8.0, 8.0, 0.0, 0.0, 40.0, 0.0, -0.5, 106.0, 0.0, -2.0, 8.0, 0.0, 8.0, -0.5, 8.0, 0.0, 0.0, 8.0, 0.0, 0.0, 0.0, 0.0, 0.0, 0.0, 0.0, 0.0, 0.0, 8.0, 0.0, 8.0, 11.2, 88.0

max moves: 6955
iterations: 50
time: 365.7973
sum: 136293
average over 100: 19643.978750000002
64.0, -8.0, 8.0, 0.0, 0.0, 40.0, 0.0, -0.5, 106.0, 0.0, -2.0, 8.0, 0.0, 8.0, -0.5, 8.0, 0.0, 0.0, 8.0, 0.0, 0.0, 0.0, 0.0, 0.0, 0.0, 0.0, 0.0, 0.0, 8.0, 0.0, 8.0, 11.2, 88.0

max moves: 6737
iterations: 50
time: 393.87295
sum: 130233
average over 100: 19227.549375000002
64.0, -8.0, 8.0, 0.0, 0.0, 40.0, 0.0, -0.5, 106.0, 0.0, -2.0, 8.0, 0.0, 8.0, -0.5, 8.0, 0.0, 0.0, 8.0, 0.0, 0.0, 0.0, 0.0, 0.0, 0.0, 0.0, 0.0, 0.0, 8.0, 0.0, 8.0, 11.2, 88.0

max moves: 6079
iterations: 50
time: 433.81716666666665
sum: 108997
average over 100: 21420.3196875
64.0, -8.0, 8.0, 0.0, 0.0, 40.0, 0.0, -0.5, 106.0, 0.0, -2.0, 8.0, 0.0, 8.0, -0.5, 8.0, 0.0, 0.0, 8.0, 0.0, 0.0, 0.0, 0.0, 0.0, 0.0, 0.0, 0.0, 0.0, 8.0, 0.0, 8.0, 11.2, 88.0

max moves: 5018
iterations: 50
time: 450.21425
sum: 98461
average over 100: 21346.39
36.0, -8.0, -8.0, 0.0, 8.0, 56.0, 0.0, -0.5, 188.0, 2.0, -2.0, 8.0, 0.0, 7.5, -3.5, 8.0, -8.0, 6.0, 7.5, -2.0, 0.0, 0.0, 0.0, 0.0, 0.0, 0.0, 8.0, 8.0, 8.0, 0.0, 0.5, 11.2, 110.0

max moves: 12800
iterations: 50
time: 505.61693333333335
sum: 243837
average over 100: 22208.055
36.0, -8.0, -8.0, 0.0, 8.0, 56.0, 0.0, -0.5, 188.0, 2.0, -2.0, 8.0, 0.0, 7.5, -3.5, 8.0, -8.0, 6.0, 7.5, -2.0, 0.0, 0.0, 0.0, 0.0, 0.0, 0.0, 8.0, 8.0, 8.0, 0.0, 0.5, 11.2, 110.0

max moves: 13601
iterations: 50
time: 545.4229666666666
sum: 262422
average over 100: 33824.97
36.0, -8.0, -8.0, 0.0, 8.0, 56.0, -2.0, -0.5, 188.0, -6.0, -2.0, 0.0, 0.0, 7.5, -3.5, 8.0, 0.0, 6.0, 7.5, -2.0, 0.0, 0.0, 0.0, 0.0, 0.0, 0.0, 8.0, 8.0, 8.0, 0.0, 0.5, 11.2, 110.0

max moves: 24060
iterations: 50
time: 660.9160333333333
sum: 450419
average over 100: 34702.68
36.0, -8.0, -8.0, 0.0, 8.0, 56.0, -2.0, -0.5, 188.0, -6.0, -2.0, 0.0, 0.0, 7.5, -3.5, 8.0, 0.0, 6.0, 7.5, -2.0, 0.0, 0.0, 0.0, 0.0, 0.0, 0.0, 8.0, 8.0, 8.0, 0.0, 0.5, 11.2, 110.0

max moves: 20921
iterations: 50
time: 718.7990166666667
sum: 399963
average over 100: 38150.33
36.0, -8.0, -16.0, 0.0, 8.0, 56.0, -2.0, -0.5, 188.0, -6.0, -2.0, 0.0, 0.0, 7.5, -4.0, 8.0, 0.0, 6.0, 7.5, -2.0, 0.0, 0.0, 0.0, 0.0, 0.0, 0.0, 8.0, 0.0, 16.0, 0.0, 0.5, 11.2, 142.0

max moves: 24942
iterations: 50
time: 849.1141833333334
sum: 446094
average over 100: 36774.995
36.0, -8.0, -16.0, 0.0, 8.0, 56.0, -2.0, -0.5, 188.0, -6.0, -2.0, 0.0, 0.0, 7.5, -4.0, 8.0, 0.0, 6.0, 7.5, -2.0, 0.0, 0.0, 0.0, 0.0, 0.0, 0.0, 8.0, 0.0, 16.0, 0.0, 0.5, 11.2, 142.0

max moves: 17702
iterations: 50
time: 933.6983166666666
sum: 340513
average over 100: 38537.1825
36.0, -8.0, -16.0, 0.0, 8.0, 56.0, -2.0, -0.5, 188.0, -6.0, -2.0, 0.0, 0.0, 7.5, -4.0, 8.0, 0.0, 6.0, 7.5, -2.0, 0.0, 0.0, 0.0, 0.0, 0.0, 0.0, 8.0, 0.0, 16.0, 0.0, 0.5, 11.2, 142.0

max moves: 19511
iterations: 50
time: 1041.8867833333334
sum: 371602
average over 100: 37116.271250000005
36.0, -8.0, -16.0, 0.0, 8.0, 56.0, -2.0, -0.5, 188.0, -6.0, -2.0, 0.0, 0.0, 7.5, -4.0, 8.0, 0.0, 6.0, 7.5, -2.0, 0.0, 0.0, 0.0, 0.0, 0.0, 0.0, 8.0, 0.0, 16.0, 0.0, 0.5, 11.2, 142.0

max moves: 17305
iterations: 50
time: 1139.04065
sum: 310182
average over 100: 33855.015625
36.0, -8.0, -16.0, 0.0, 8.0, 56.0, -2.0, -0.5, 188.0, -6.0, -2.0, 0.0, 0.0, 7.5, -4.0, 8.0, 0.0, 6.0, 7.5, -2.0, 0.0, 0.0, 0.0, 0.0, 0.0, 0.0, 8.0, 0.0, 16.0, 0.0, 0.5, 11.2, 142.0

max moves: 13320
iterations: 50
time: 1175.2483666666667
sum: 256488
average over 100: 35823.387812500005
36.0, -8.0, -16.0, 0.0, 8.0, 56.0, -2.0, -0.5, 188.0, -6.0, -2.0, 0.0, 0.0, 7.5, -4.0, 8.0, 0.0, 6.0, 7.5, -2.0, 0.0, 0.0, 0.0, 0.0, 0.0, 0.0, 8.0, 0.0, 16.0, 0.0, 0.5, 11.2, 142.0

max moves: 14230
iterations: 50
time: 1214.5766333333333
sum: 277103
average over 100: 34904.36390625
36.0, -8.0, -16.0, 0.0, 8.0, 56.0, -2.0, -0.5, 188.0, -6.0, -2.0, 0.0, 0.0, 7.5, -4.0, 8.0, 0.0, 6.0, 7.5, -2.0, 0.0, 0.0, 0.0, 0.0, 0.0, 0.0, 8.0, 0.0, 16.0, 0.0, 0.5, 11.2, 142.0

max moves: 14867
iterations: 50
time: 1284.2183333333332
sum: 283037
average over 100: 31165.861953125
36.0, -8.0, -16.0, 0.0, 8.0, 56.0, -2.0, -0.5, 188.0, -6.0, -2.0, 0.0, 0.0, 7.5, -4.0, 8.0, 0.0, 6.0, 7.5, -2.0, 0.0, 0.0, 0.0, 0.0, 0.0, 0.0, 8.0, 0.0, 16.0, 0.0, 0.5, 11.2, 142.0

max moves: 13168
iterations: 50
time: 1345.0227333333332
sum: 254283
average over 100: 35803.7609765625
36.0, -8.0, -16.0, 0.0, 8.0, 56.0, -2.0, -0.5, 188.0, -6.0, -2.0, 0.0, 0.0, 7.5, -4.0, 8.0, 0.0, 6.0, 7.5, -2.0, 0.0, 0.0, 0.0, 0.0, 0.0, 0.0, 8.0, 0.0, 16.0, 0.0, 0.5, 11.2, 142.0

max moves: 10482
iterations: 50
time: 1381.5882166666668
sum: 203932
average over 100: 33397.56
52.0, -8.0, -8.0, 0.0, 8.0, 48.0, -2.0, -0.5, 92.5, -6.0, 6.0, 0.0, -8.0, 7.5, -4.5, 8.0, -0.5, 6.0, 1.5, 0.0, 2.0, 0.0, 10.0, 6.0, 0.0, 0.0, 0.0, 0.0, 2.0, 0.0, 0.0, 11.2, 78.0

max moves: 22425
iterations: 50
time: 1470.2288
sum: 438871
average over 100: 58653.11
52.0, -8.0, -8.0, 0.0, 8.0, 48.0, -2.0, -0.5, 92.5, 12.0, 6.0, 0.0, -8.0, 7.5, 3.5, 8.0, 1.5, 6.0, 5.5, 0.0, 2.0, 0.0, 10.0, 6.0, 0.0, 0.0, 0.0, 0.0, 4.0, 0.0, 0.0, 11.2, 86.0

max moves: 32727
iterations: 50
time: 1568.7528166666666
sum: 625948
average over 100: 58398.0
52.0, -8.0, -8.0, 0.0, 8.0, 48.0, -2.0, -0.5, 92.5, 12.0, 6.0, 0.0, -8.0, 7.5, 3.5, 8.0, 1.5, 6.0, 5.5, 0.0, 2.0, 0.0, 10.0, 6.0, 0.0, 0.0, 0.0, 0.0, 4.0, 0.0, 0.0, 11.2, 86.0

max moves: 36507
iterations: 50
time: 1732.6828666666668
sum: 696139
average over 100: 54133.66
52.0, -8.0, -8.0, 0.0, 8.0, 48.0, -2.0, -0.5, 92.5, 12.0, 6.0, 0.0, -8.0, 7.5, 3.5, 8.0, 1.5, 6.0, 5.5, 0.0, 2.0, 0.0, 10.0, 6.0, 0.0, 0.0, 0.0, 0.0, 4.0, 0.0, 0.0, 11.2, 86.0

max moves: 29509
iterations: 50
time: 1809.5769166666666
sum: 569910
average over 100: 75084.04
52.0, -8.0, -8.0, 0.0, 8.0, 40.0, -1.5, -0.5, 116.5, -6.0, 4.0, 0.0, -8.0, 7.5, 3.5, 8.0, 1.5, 6.0, 5.5, 0.0, 2.0, 0.0, 10.0, 6.5, 0.0, 0.0, 0.0, 0.0, 4.0, 0.0, 0.0, 11.2, 86.0

max moves: 51962
iterations: 51
