iterations: 50
max moves: 1000
increment: 32.0
epsilon: 0.5

time: 0.8739666666666667
sum: 19211
average over 100: 3354.19
32.0, 0.0, 0.0, 0.0, 0.0, 32.0, 0.0, 0.0, 128.0, 0.0, 0.0, 0.0, 0.0, 0.0, 0.0, 0.0, 0.0, 0.0, 0.0, 0.0, 0.0, 0.0, 0.0, 0.0, 0.0, 0.0, 0.0, 0.0, 0.0, 0.0, 0.0, 3.2, 64.0

max moves: 2415
iterations: 50
time: 4.887183333333334
sum: 46841
average over 100: 5944.05
24.0, 0.0, 0.0, 0.0, 0.0, 32.0, 0.0, 0.0, 64.0, 0.0, 0.0, 0.0, 0.0, 0.0, 0.0, 0.0, 0.0, 0.0, 0.0, 0.0, 0.0, 0.0, 0.0, 0.0, 0.0, 0.0, 0.0, 0.0, 0.0, 0.0, 0.0, 3.2, 56.0

max moves: 4770
iterations: 50
time: 20.86505
sum: 92015
average over 100: 12405.64
24.0, 0.0, 0.0, 0.0, 0.0, 40.0, 0.0, 0.0, 96.0, 0.0, 0.0, 0.0, 0.0, 0.0, 0.0, 0.0, 0.0, 0.0, 0.0, 0.0, 0.0, 0.0, 0.0, 0.0, 0.0, 0.0, 4.0, 0.0, 2.0, 0.0, 0.0, 5.2, 60.0

max moves: 12705
iterations: 50
time: 58.76611666666667
sum: 233925
average over 100: 14988.31
24.0, 0.0, 0.0, 0.0, 0.0, 8.0, 0.0, 0.0, 64.0, 0.0, 0.0, 0.0, 0.0, 0.0, 0.0, 0.0, 0.0, -2.0, 0.0, 0.0, 0.0, 0.0, 0.0, 0.0, 0.0, 0.0, 4.0, 0.0, 2.0, 0.0, 0.0, 5.2, 52.0

max moves: 10867
iterations: 50
time: 98.28191666666666
sum: 204777
average over 100: 16044.75
24.0, 0.0, 0.0, 0.0, 0.0, 8.0, 0.0, 0.0, 96.0, 0.0, 0.0, 0.0, 0.0, 0.0, 0.0, 0.0, 0.0, -2.0, 0.0, 0.0, 0.0, 0.0, 0.0, 0.0, 8.0, 2.0, 4.0, 0.0, 4.0, 0.0, 0.0, 5.2, 52.0

max moves: 13675
iterations: 50
time: 131.40258333333333
sum: 260895
average over 100: 26335.53
16.0, 0.0, -2.0, 0.0, 0.0, 8.0, 0.0, 0.0, 62.0, 0.0, 0.0, 0.0, -2.0, 0.0, 0.0, 0.0, 0.0, -2.0, 0.0, 0.0, 0.0, 0.0, 0.0, 0.0, 8.0, 2.0, 4.0, 0.0, 4.0, -2.0, 0.0, 5.2, 52.0

max moves: 23530
iterations: 50
time: 193.03593333333333
sum: 447175
average over 100: 30269.555
16.0, 0.0, -2.0, 0.0, 0.0, 8.0, 0.0, 0.0, 62.0, 0.0, 0.0, 0.0, -2.0, 0.0, 0.0, 0.0, 0.0, -2.0, 0.0, 0.0, 0.0, 0.0, 0.0, 0.0, 8.0, 2.0, 4.0, 0.0, 4.0, -2.0, 0.0, 5.2, 52.0

max moves: 17522
iterations: 50
time: 254.10901666666666
sum: 341730
average over 100: 53244.7
16.0, 0.0, -10.0, 0.0, 0.0, 8.0, 0.0, 0.0, 62.0, 0.0, 0.0, 0.0, -2.0, 0.0, 0.0, 0.0, 0.0, -2.0, 2.0, 0.0, 0.0, -2.0, 0.0, 2.0, 6.0, 2.0, 4.0, 0.0, 4.0, -2.0, 0.0, 5.2, 58.0

max moves: 43735
iterations: 87
time: 673.2832833333333
sum: 1465434
average over 100: 107262.97
16.0, 0.0, -10.0, 0.0, 0.0, 8.0, 0.0, 0.5, 62.0, 0.0, 0.0, 2.0, -2.0, 0.0, 0.5, 0.0, 0.0, -2.0, 2.0, 0.0, 0.0, -2.0, 0.0, 2.0, 6.0, 2.0, 4.0, 0.0, 4.0, 0.0, 0.0, 5.2, 66.0

max moves: 68970
iterations: 137
time: 1318.51935
sum: 3478370
average over 100: 99200.485
16.0, 0.0, -10.0, 0.0, 0.0, 8.0, 0.0, 0.5, 62.0, 0.0, 0.0, 2.0, -2.0, 0.0, 0.5, 0.0, 0.0, -2.0, 2.0, 0.0, 0.0, -2.0, 0.0, 2.0, 6.0, 2.0, 4.0, 0.0, 4.0, 0.0, 0.0, 5.2, 66.0

max moves: 69400
iterations: 138
