iterations: 50
max moves: 1000
increment: 32.0
epsilon: 0.5

time: 2.034
sum: 19297
average over 100: 2169.92
32.0, 0.0, 0.0, 0.0, 0.0, 32.0, 0.0, 0.0, 32.0, 0.0, 0.0, 0.0, 0.0, 0.0, 0.0, 0.0, 0.0, 0.0, 0.0, 0.0, 0.0, 0.0, 8.0, 0.0, 0.0, 0.0, 0.0, 0.0, 0.0, 0.0, 0.0, 3.2, 40.0

max moves: 1820
iterations: 50
time: 6.160316666666667
sum: 34907
average over 100: 2538.94
32.0, 0.0, 0.0, 0.0, 0.0, 0.0, 0.0, 0.0, 30.0, 0.0, 0.0, 0.0, 0.0, 0.0, 0.0, 0.0, 0.0, 0.0, 0.0, 0.0, 0.0, -2.0, 8.0, 0.0, 0.0, 0.0, 0.0, 0.0, 0.0, 0.0, 0.0, 3.2, 40.0

max moves: 2655
iterations: 50
time: 10.094266666666666
sum: 51945
average over 100: 11998.97
32.0, 0.0, 0.0, 0.0, 0.0, 32.0, 0.0, 0.0, 62.0, 0.0, 0.0, 8.0, 0.0, 0.0, 0.0, 0.0, 0.0, 0.0, 0.0, 0.0, 0.0, -2.0, 8.0, 0.0, 0.0, 0.0, 0.0, 0.0, 0.0, 0.0, 0.0, 3.2, 40.0

max moves: 10012
iterations: 50
time: 37.14535
sum: 189937
average over 100: 12031.195
32.0, 0.0, 0.0, 0.0, 0.0, 32.0, 0.0, 0.0, 62.0, 0.0, 0.0, 8.0, 0.0, 0.0, 0.0, 0.0, 0.0, 0.0, 0.0, 0.0, 0.0, -2.0, 8.0, 0.0, 0.0, 0.0, 0.0, 0.0, 0.0, 0.0, 0.0, 3.2, 40.0

max moves: 9607
iterations: 50
time: 89.50883333333333
sum: 168196
average over 100: 11130.6525
32.0, 0.0, 0.0, 0.0, 0.0, 32.0, 0.0, 0.0, 62.0, 0.0, 0.0, 8.0, 0.0, 0.0, 0.0, 0.0, 0.0, 0.0, 0.0, 0.0, 0.0, -2.0, 8.0, 0.0, 0.0, 0.0, 0.0, 0.0, 0.0, 0.0, 0.0, 3.2, 40.0

max moves: 8474
iterations: 50
time: 129.78645
sum: 156574
average over 100: 11482.56625
32.0, 0.0, 0.0, 0.0, 0.0, 32.0, 0.0, 0.0, 62.0, 0.0, 0.0, 8.0, 0.0, 0.0, 0.0, 0.0, 0.0, 0.0, 0.0, 0.0, 0.0, -2.0, 8.0, 0.0, 0.0, 0.0, 0.0, 0.0, 0.0, 0.0, 0.0, 3.2, 40.0

max moves: 8952
iterations: 50
time: 158.5283
sum: 171165
average over 100: 11463.35
32.0, 0.0, 0.0, 0.0, 0.0, 29.5, 0.0, 0.0, 62.0, 0.0, 0.0, 8.0, 0.0, 0.0, 0.0, 2.0, 0.0, 0.0, 0.0, 0.0, 0.0, -2.0, -2.0, 0.0, 0.0, 2.0, 0.0, 0.0, 0.0, 0.5, 0.0, 3.7, 40.0

max moves: 8790
iterations: 50
time: 196.96185
sum: 159679
average over 100: 12274.88
24.0, 0.0, 0.0, 0.0, 0.0, 29.5, 0.0, 0.0, 54.0, 0.0, -0.5, 8.0, -0.5, 0.0, 0.0, 2.0, 0.0, 0.0, 0.0, 0.0, 0.0, -2.0, -2.0, 0.0, 0.0, 2.0, 0.0, 0.0, 0.0, 0.5, 0.0, 3.7, 40.0

max moves: 8452
iterations: 50
time: 233.93178333333333
sum: 157643
average over 100: 12117.32
24.0, 0.0, 0.0, 0.0, 0.0, 29.5, 0.0, 0.0, 54.0, 0.0, -0.5, 8.0, -0.5, 0.0, 0.0, 2.0, 0.0, 0.0, 0.0, 0.0, 0.0, -2.0, -2.0, 0.0, 0.0, 2.0, 0.0, 0.0, 0.0, 0.5, 0.0, 3.7, 40.0

max moves: 7482
iterations: 50
time: 257.8981166666667
sum: 142495
average over 100: 11461.01
24.0, 0.0, 0.0, 0.0, 0.0, 29.5, 0.0, 0.0, 54.0, 0.0, -0.5, 8.0, -0.5, 0.0, 0.0, 2.0, 0.0, 0.0, 0.0, 0.0, 0.0, -2.0, -2.0, 0.0, 0.0, 2.0, 0.0, 0.0, 0.0, 0.5, 0.0, 3.7, 40.0

max moves: 7524
iterations: 50
time: 280.73421666666667
sum: 145416
average over 100: 16145.48
30.0, 0.0, 0.5, 0.0, 2.0, 29.5, 0.0, 0.5, 54.0, 0.0, -0.5, 8.0, -0.5, 0.0, 0.0, 2.0, 0.0, 0.0, 0.0, 0.0, 0.0, -2.0, 6.0, 0.0, 8.0, 0.0, 0.0, 0.0, 0.0, 0.5, 0.0, 3.7, 40.0

max moves: 10147
iterations: 50
time: 308.07931666666667
sum: 195359
average over 100: 25055.11
30.0, 0.0, 0.5, 0.0, 2.0, 29.5, -2.0, 0.5, 54.0, 0.0, -0.5, 8.0, -2.5, 0.0, 0.0, 2.0, 0.0, 0.0, 0.0, 0.0, 0.0, -2.0, 6.0, 0.0, 6.0, 0.0, 0.0, 0.0, 0.0, 0.5, 0.0, 3.7, 40.0

max moves: 18482
iterations: 50
time: 384.3860666666667
sum: 326542
average over 100: 23390.58
30.0, 0.0, 0.5, 0.0, 2.0, 29.5, -2.0, 0.5, 54.0, 0.0, -0.5, 8.0, -2.5, 0.0, 0.0, 2.0, 0.0, 0.0, 0.0, 0.0, 0.0, -2.0, 6.0, 0.0, 6.0, 0.0, 0.0, 0.0, 0.0, 0.5, 0.0, 3.7, 40.0

max moves: 16426
iterations: 50
time: 462.77048333333335
sum: 295353
average over 100: 21746.135000000002
30.0, 0.0, 0.5, 0.0, 2.0, 29.5, -2.0, 0.5, 54.0, 0.0, -0.5, 8.0, -2.5, 0.0, 0.0, 2.0, 0.0, 0.0, 0.0, 0.0, 0.0, -2.0, 6.0, 0.0, 6.0, 0.0, 0.0, 0.0, 0.0, 0.5, 0.0, 3.7, 40.0

max moves: 14623
iterations: 50
time: 528.7142833333334
sum: 277007
average over 100: 21494.2075
30.0, 0.0, 0.5, 0.0, 2.0, 29.5, -2.0, 0.5, 54.0, 0.0, -0.5, 8.0, -2.5, 0.0, 0.0, 2.0, 0.0, 0.0, 0.0, 0.0, 0.0, -2.0, 6.0, 0.0, 6.0, 0.0, 0.0, 0.0, 0.0, 0.5, 0.0, 3.7, 40.0

max moves: 15205
iterations: 50
time: 580.1283166666667
sum: 298434
average over 100: 41438.68
34.0, 0.0, -5.5, 0.0, 2.0, 21.5, -2.5, 0.5, 24.0, -6.5, -2.5, 8.0, -2.5, 0.0, 0.0, 2.0, 0.0, 2.0, 2.0, 0.0, 0.0, -4.0, 6.0, 0.0, 5.5, 0.0, 0.0, 0.0, 0.0, 0.5, 8.0, 4.2, 48.0

max moves: 32152
iterations: 50
time: 659.7903333333334
sum: 619829
average over 100: 63333.68
34.0, 0.0, -5.5, 0.0, 2.0, 21.5, -2.5, 0.5, 24.0, -6.5, -2.5, 10.0, -2.5, 0.0, 0.0, 2.0, 0.0, 2.0, 2.0, 0.0, 0.0, -4.0, 6.0, 0.0, 5.5, 0.0, 2.0, 0.0, 2.0, 0.5, 8.0, 4.2, 48.0

max moves: 47602
iterations: 50
time: 771.6135166666667
sum: 909968
average over 100: 69183.85
34.0, 0.0, -5.5, 0.0, 2.0, 21.5, -2.5, 0.5, 24.0, -6.5, -2.5, 10.0, -2.5, 0.0, 0.0, 2.0, 0.0, 2.0, 0.0, 0.0, 0.0, -4.0, 6.0, 0.0, 3.5, 0.0, 2.0, 0.0, 2.0, 0.5, 8.0, 4.2, 48.0

max moves: 49900
iterations: 50
time: 948.0671166666667
sum: 949507
average over 100: 89174.45
34.0, 0.0, -5.5, 0.0, 4.0, 21.5, -2.5, 1.0, 56.0, -6.5, -2.5, 10.0, -2.5, 0.0, 0.0, 2.0, 0.0, 2.0, 0.0, 0.0, 0.0, -4.0, 6.0, 2.0, 3.5, 0.0, 2.0, 0.0, 2.0, 2.5, 8.0, 4.2, 48.0

max moves: 66997
iterations: 66
time: 1298.31605
sum: 1688353
average over 100: 122906.07
34.0, 0.0, -5.5, 0.0, 4.0, 21.5, -2.5, 1.0, 48.0, -6.5, -2.5, 10.0, -2.5, 0.0, 0.0, 2.0, 0.0, 2.0, 0.0, 0.0, 0.0, -4.0, 6.0, 2.0, 3.5, -0.5, 2.0, 0.0, 2.0, 0.5, 6.0, 4.2, 48.0

max moves: 79860
iterations: 79
time: 1743.2779
sum: 2297831
average over 100: 120883.4
34.0, 0.0, -5.5, 0.0, 4.0, 21.5, -2.5, 1.0, 48.0, -6.5, -2.5, 10.0, -2.5, 0.0, 0.0, 2.0, 0.0, 2.0, 0.0, 0.0, 0.0, -4.0, 6.0, 2.0, 3.5, -0.5, 2.0, 0.0, 2.0, 0.5, 6.0, 4.2, 48.0

max moves: 66275
iterations: 66
time: 1999.4446
sum: 1663356
average over 100: 115075.89499999999
34.0, 0.0, -5.5, 0.0, 4.0, 21.5, -2.5, 1.0, 48.0, -6.5, -2.5, 10.0, -2.5, 0.0, 0.0, 2.0, 0.0, 2.0, 0.0, 0.0, 0.0, -4.0, 6.0, 2.0, 3.5, -0.5, 2.0, 0.0, 2.0, 0.5, 6.0, 4.2, 48.0

max moves: 62658
iterations: 62
time: 2315.577783333333
sum: 1427766
average over 100: 121050.9025
34.0, 0.0, -5.5, 0.0, 4.0, 21.5, -2.5, 1.0, 48.0, -6.5, -2.5, 10.0, -2.5, 0.0, 0.0, 2.0, 0.0, 2.0, 0.0, 0.0, 0.0, -4.0, 6.0, 2.0, 3.5, -0.5, 2.0, 0.0, 2.0, 0.5, 6.0, 4.2, 48.0

max moves: 51780
iterations: 51
time: 2526.2722
sum: 981635
average over 100: 118482.78625
34.0, 0.0, -5.5, 0.0, 4.0, 21.5, -2.5, 1.0, 48.0, -6.5, -2.5, 10.0, -2.5, 0.0, 0.0, 2.0, 0.0, 2.0, 0.0, 0.0, 0.0, -4.0, 6.0, 2.0, 3.5, -0.5, 2.0, 0.0, 2.0, 0.5, 6.0, 4.2, 48.0

max moves: 43735
iterations: 50
