iterations: 50
max moves: 1000
increment: 32.0
epsilon: 0.5


max moves: 1000
iterations: 60
time: 1.38535
sum: 19470
average over 100: 2468.65
96.0, 0.0, 0.0, 2.0, 40.0, 0.0, 0.0, 32.0, 0.0, 8.0, 8.0, 3.2, 32.0
max moves: 2000
iterations: 60
time: 3.212466666666667
sum: 22886
average over 100: 2808.73
88.0, 0.0, 0.0, 2.0, 40.0, 0.0, 0.0, 32.0, 0.0, 8.0, 8.0, 3.2, 32.0
max moves: 2000
iterations: 70
time: 9.5063
sum: 46092
average over 100: 3594.75
88.0, 0.0, 0.0, 2.0, 32.0, -2.0, 0.5, 34.0, 0.0, 8.0, 8.0, 3.2, 34.0
max moves: 3000
iterations: 70
time: 12.20185
sum: 53936
average over 100: 3332.85
88.0, 0.0, 0.0, 2.0, 32.0, -2.0, 0.5, 34.0, 0.5, 8.0, 8.0, 3.2, 34.0
time: 27.234783333333333
sum: 77709
average over 100: 3840.5
96.0, -2.0, 0.0, 2.5, 23.5, -2.0, 0.5, 42.5, -1.5, 8.0, 8.0, 3.2, 24.0
time: 44.074216666666665
sum: 78304
average over 100: 4464.35
102.0, -2.0, 1.5, 2.5, 21.5, -2.0, 0.5, 44.5, -2.5, 8.0, 8.0, 3.2, 31.5
time: 59.767
sum: 77448
average over 100: 4194.38
104.0, -2.0, -6.0, 2.5, 15.5, -2.0, 0.5, 34.5, -1.0, 8.0, 7.5, 3.2, 29.0
max moves: 3000
iterations: 80
time: 64.87115
sum: 79990
average over 100: 8726.18
112.0, -2.0, -6.0, 2.5, 15.5, -1.5, 0.5, 34.5, -1.0, 8.0, 7.5, 5.2, 39.0
max moves: 5000
iterations: 80
time: 70.57205
sum: 92687
average over 100: 6532.11
112.0, -2.0, -6.5, 2.5, 15.5, -1.5, 0.5, 26.5, -1.5, 8.0, 7.5, 5.2, 37.0
time: 85.98775
sum: 145007
average over 100: 6012.03
112.0, -2.0, -6.5, 2.5, 15.5, -1.5, 0.5, 18.5, -1.5, 7.5, 7.5, 5.2, 37.0
time: 106.2887
sum: 149935
average over 100: 7903.28
96.0, -2.0, -6.5, 2.5, 25.5, -1.5, 0.5, 26.5, -1.5, 6.5, 9.5, 5.2, 37.0
time: 121.63793333333334
sum: 147636
average over 100: 6543.02
96.0, -2.0, -6.5, 2.5, 17.5, -1.5, 1.0, 26.5, -7.5, 6.5, 9.5, 5.2, 37.0
max moves: 5000
iterations: 90
time: 129.18276666666668
sum: 152045
average over 100: 7849.12
96.0, -2.0, -6.5, 2.5, 15.5, -3.5, 1.0, 26.5, -7.5, 6.5, 9.5, 5.2, 37.0
time: 148.5368
sum: 167921
average over 100: 5805.6
96.0, -2.0, -4.5, 3.0, 23.5, -5.5, 0.5, 26.5, -7.5, 6.5, 9.5, 5.2, 37.0
