iterations: 30
max moves: 1000
increment: 32.0
epsilon: 0.125

max moves: 2000
time: 7.713333333333333
sum: 11629
average over 100: 1035.47
32.0, 0.0, 0.0, 0.0, 0.0, 0.0, 0.0, -0.5, 0.0, 0.0, 0.0, -0.125, 0.0, -2.0, -0.5, 0.0, 2.0, 0.125, 0.0, 0.0, 0.125, 0.0, 0.0, 0.0, 0.0, 8.0, 5.2, 32.0
time: 29.54843333333333
sum: 21072
average over 100: 1359.36
32.0, 0.0, 0.0, 0.0, -2.0, 0.0, 0.0, -0.5, 0.0, 0.0, 0.0, -0.125, 0.0, -2.0, -2.5, 0.0, 0.0, 0.125, -2.0, 0.0, 0.125, 0.0, 0.0, 0.0, 0.0, 6.0, 5.2, 32.0
max moves: 4000
time: 34.3386
sum: 22824
average over 100: 1269.27
32.0, 0.0, 0.0, 0.0, 6.0, 0.0, 0.0, -0.5, 0.0, 0.0, 0.0, -0.125, 0.0, -2.0, -2.5, 0.0, 0.0, 0.125, -2.0, 2.0, 2.125, 0.0, 0.0, 0.0, 0.0, 6.0, 5.2, 32.0
time: 55.92816666666667
sum: 41659
average over 100: 2311.22
16.0, 0.0, 0.0, 0.0, 22.0, 0.0, 0.0, -0.375, 0.0, 0.0, 0.0, -0.625, -1.5, -2.0, -2.5, 0.0, 0.0, 2.125, -2.0, 2.0, 0.125, 2.0, 0.0, 0.0, 0.0, 6.0, 5.2, 40.0
max moves: 8000
time: 72.43351666666666
sum: 45935
average over 100: 2709.84
16.0, 0.0, -2.0, 0.0, 14.0, 0.0, 0.0, -2.375, 0.0, 0.0, 0.0, -0.625, -1.5, -2.0, -0.5, 0.0, 0.0, 2.125, -4.0, 2.0, -1.875, 2.0, 0.0, 0.0, -0.5, 6.0, 5.2, 38.0
time: 96.39588333333333
sum: 74137
average over 100: 3146.41
16.0, 0.0, -2.0, 0.0, 14.5, 0.0, 0.0, -2.375, 0.0, 0.0, 0.0, -0.625, -1.5, -2.0, -0.5, 0.0, 0.0, 2.125, -4.0, 2.0, -1.875, 2.0, 0.0, 0.0, 1.5, 6.0, 5.2, 38.0
time: 111.91468333333333
sum: 85294
average over 100: 5746.7
16.0, 0.0, -2.0, 0.0, 14.5, 0.0, 0.0, -4.375, 0.0, -4.0, 0.0, -0.625, -1.5, -2.0, -0.5, 0.0, -8.0, 0.125, -4.0, 2.0, -1.875, 2.0, 0.0, 0.0, 1.375, 6.0, 5.2, 38.0
time: 130.0761
sum: 91121
average over 100: 8802.36
24.0, 0.0, -2.0, 0.0, 22.5, 2.0, 0.0, -4.375, 0.0, -4.0, 0.5, 1.375, -1.5, -2.0, -0.5, 0.0, -8.0, 4.125, -4.0, 2.0, 0.125, 2.0, 0.0, 0.0, 1.375, 6.0, 5.2, 46.0
time: 146.91996666666665
sum: 90893
average over 100: 7388.32
16.0, 0.0, -2.0, 0.0, 22.5, 2.0, 0.0, -4.375, 0.0, -4.0, 0.5, 1.375, -1.625, -2.0, -0.5, 0.0, -8.0, 4.125, -4.0, 2.0, 0.125, 2.0, 0.0, 0.0, 1.25, 4.0, 5.2, 46.0
time: 164.60211666666666
sum: 85257
average over 100: 4433.19
16.0, 0.0, -2.0, 0.0, 38.5, 2.0, 0.0, -4.375, 0.0, -4.0, 0.5, 1.375, -1.625, -2.0, -0.5, 0.0, -8.0, 4.125, -4.0, 2.0, 2.125, 2.0, 0.0, 0.0, 1.25, 4.0, 5.325, 46.0
