iterations: 50
max moves: 1000
increment: 32.0
epsilon: 0.5
factor: 8.0

max moves: 2000
iterations: 100
time: 3.7190833333333333
sum: 19406
average over 100: 2959.32
64.0, 0.0, 0.0, 0.5, 0.0, 0.0, 0.0, 32.5, 0.0, 4.0, 0.0, 0.0, 0.0, 0.0, 0.5, 0.0, 0.0, 0.0, 0.0, 0.0, 0.0, 0.0, 0.0, 0.5, 0.0, 0.0, 0.0, 0.0, 0.0, 0.0, 3.2, 44.0
max moves: 2000
iterations: 200
time: 16.857616666666665
sum: 77792
average over 100: 3479.57
64.0, 0.0, 0.0, 0.5, 0.0, 0.0, 0.0, 32.5, -4.0, 4.0, 0.0, 0.0, 0.0, 0.0, 0.5, 0.0, 0.0, 0.0, 0.0, 0.0, 0.0, 0.0, 0.0, 0.5, 0.0, 0.0, -0.5, 0.0, -0.5, 0.0, 3.2, 40.0
time: 51.96436666666666
sum: 150456
average over 100: 3234.22
64.0, 0.0, 0.0, 0.5, 0.0, 0.0, 0.0, 36.5, -4.0, 4.0, 0.0, 0.0, 0.0, 0.0, 0.5, 0.0, 0.0, 0.0, 0.0, 0.0, 0.0, 0.0, 0.0, 1.0, 0.5, 0.0, -0.5, 0.0, -0.5, 0.0, 3.2, 40.0
time: 74.6036
sum: 146961
average over 100: 2111.25
64.0, 0.0, -0.5, 0.5, -4.0, 0.0, 0.0, 36.5, -4.0, 4.0, 0.0, 0.0, 0.0, -0.5, 0.5, 0.0, 0.0, 0.0, 0.0, -0.5, 0.0, 0.0, 0.0, 1.0, 0.5, 0.0, -0.5, 0.0, -0.5, 0.0, 3.2, 40.0
