iterations: 50
max moves: 1000
increment: 32.0
epsilon: 0.5

max moves: 2000
iterations: 100
time: 2.0008833333333333
sum: 19808
average over 100: 4392.04
64.0, 0.0, 2.0, 0.0, 8.0, 0.0, 0.5, 96.0, 0.0, 0.0, 0.0, 0.0, 0.0, 0.0, 0.0, 0.0, 0.0, 0.0, 0.0, 0.0, 0.0, 0.0, 0.0, 0.0, 0.0, 0.0, 0.0, 0.0, 0.0, 8.0, 3.2, 80.0
max moves: 2000
iterations: 200
time: 11.145333333333333
sum: 77898
average over 100: 5633.03
64.0, 0.0, 1.5, 0.0, 8.0, 0.0, 0.5, 87.5, -2.0, 0.0, 0.0, 0.0, 0.0, 0.0, 0.0, 0.0, 0.0, 0.0, 0.0, 0.0, 0.0, 0.0, 0.0, 0.0, 0.0, 0.0, 0.0, 0.0, 0.0, 0.0, 3.2, 80.0
max moves: 2000
iterations: 400
time: 36.51776666666667
sum: 158658
average over 100: 18668.44
64.0, 0.0, 1.5, 0.0, 8.0, 0.0, 0.5, 89.5, -2.0, 0.0, 8.0, 0.0, 0.0, 0.0, 8.0, 0.0, 0.0, 0.0, 0.0, 0.0, 0.0, 0.0, 0.0, 4.0, 0.0, 0.0, 0.0, 0.0, 0.0, 0.0, 11.2, 80.0
max moves: 2000
iterations: 800
time: 76.46353333333333
sum: 316485
average over 100: 23385.65
56.0, 0.0, 1.5, 0.0, 8.0, 0.0, 0.5, 89.5, -2.0, 0.0, 8.0, 0.0, 0.0, 0.0, 8.0, 0.0, 0.0, 0.0, 0.0, 0.0, 0.0, 0.0, 0.0, 4.0, 0.0, 0.0, 0.0, 0.0, 0.0, 0.0, 11.2, 80.0
max moves: 2000
iterations: 1600
time: 175.57275
sum: 634278
average over 100: 31143.96
58.0, 0.0, 1.5, 0.0, 8.0, 0.0, 0.5, 89.5, -2.0, 0.0, 8.0, 0.0, 0.0, 0.0, 8.0, 0.0, 8.5, 0.0, 0.0, 0.0, 0.0, 0.0, 0.0, 4.0, 0.0, 0.0, 0.0, 0.0, 0.0, 0.0, 11.2, 80.0
