iterations: 50
max moves: 1000
increment: 32.0
epsilon: 0.5

max moves: 1000
iterations: 100
time: 2.3491666666666666
sum: 19814
average over 100: 4527.94
8.0, 0.0, 0.0, 0.0, 32.0, 0.0, 0.0, 32.0, 8.0, 0.0, 0.0, 0.0, 0.0, 0.0, 0.0, 0.0, 0.0, 0.0, 0.0, 0.0, 0.0, 8.0, 0.0, 0.0, 0.0, 0.0, 0.0, 0.0, 1.0, 0.0, 3.2, 42.0
max moves: 1000
iterations: 150
time: 7.389833333333334
sum: 39588
average over 100: 6592.09
8.0, 0.0, 0.0, 0.0, 30.0, 0.0, 0.0, 32.0, -8.0, 0.0, 0.0, -8.0, 0.0, 0.0, 0.0, 0.0, -2.0, 0.0, -2.0, 0.0, -8.0, 8.0, 0.0, 0.0, 0.0, 0.0, 0.0, 0.0, 1.0, 0.0, 3.2, 42.0
max moves: 1000
iterations: 200
time: 17.59423333333333
sum: 59580
average over 100: 32380.36
10.0, 0.0, 0.0, 2.0, 30.0, 0.0, 0.0, 64.0, -8.0, 0.0, 2.0, -8.0, 0.0, 0.0, 0.0, 0.0, -2.0, 0.0, -2.0, 0.0, -4.0, 8.0, 0.5, 0.0, 0.0, 0.0, 0.0, 0.0, 1.0, 0.0, 5.2, 42.0
