max moves: 1000
iterations: 100
time: 2.62415
sum: 19831
average over 100: 6537.85
32.0, 0.0, 0.0, 0.0, 32.0, 0.0, 0.0, 72.0, 0.0, 0.0, 8.0, 0.0, 0.0, 0.0, 0.0, 0.0, 0.0, 0.0, 0.0, 0.0, 0.0, 0.0, 0.0, 0.0, 0.0, 0.0, 0.0, 0.0, 0.0, 0.0, 3.2, 40.0
max moves: 2000
iterations: 100
time: 7.790466666666667
sum: 39578
average over 100: 6608.0
32.0, 0.0, -8.0, 0.0, 32.0, 0.0, 0.0, 40.0, 0.0, 0.0, 8.0, 0.0, 0.0, 0.0, 0.0, 0.0, 0.0, 0.0, 0.0, 0.0, 0.0, 0.0, 0.0, 0.0, 0.0, 0.0, 0.0, 0.0, 0.0, 0.0, 3.2, 40.0
max moves: 2000
iterations: 150
time: 17.13205
sum: 78577
average over 100: 5957.42
40.0, 0.0, 0.0, 0.0, 32.0, 0.0, 0.0, 48.0, 0.0, 0.0, 8.0, 0.0, 0.0, 0.0, 0.0, 0.0, 0.0, 0.0, 0.0, 0.0, 0.0, 0.0, 0.0, 0.0, 2.0, 0.0, 0.0, 0.0, 0.0, 0.5, 3.2, 40.0
max moves: 3000
iterations: 150
time: 29.539383333333333
sum: 118119
average over 100: 7874.45
40.0, 0.0, -2.0, 0.0, 30.0, 0.0, 0.0, 48.0, -2.0, 0.0, 8.0, 0.0, 0.0, 0.0, 0.0, 0.0, 0.0, 0.0, 0.0, 0.0, 0.0, 0.0, -2.0, 0.0, 0.0, 0.0, 0.0, 0.0, 0.0, 0.5, 3.2, 40.0
max moves: 3000
iterations: 200
time: 52.33266666666667
sum: 173693
average over 100: 9691.73
40.0, 0.0, -2.0, 0.0, 30.0, 0.0, 0.0, 56.0, -2.0, 0.0, 8.0, 0.0, 0.0, 0.0, 0.0, 0.0, 2.0, 0.0, 0.0, 0.0, 0.0, 0.0, -2.0, 0.0, 0.0, 0.0, 0.0, 0.0, 0.0, 0.5, 3.2, 42.0
max moves: 4000
iterations: 200
time: 72.4418
sum: 233880
average over 100: 8983.45
40.0, 0.0, -2.0, 0.0, 30.0, 0.0, 0.0, 56.0, -2.0, 0.0, 8.0, 0.0, 0.0, 0.0, 0.0, 0.0, 2.0, 0.0, 0.0, 0.0, 0.0, 0.0, -2.0, 0.0, 0.0, 0.0, 0.0, 0.0, 0.0, 0.5, 3.2, 42.0
time: 115.49671666666667
sum: 303324
average over 100: 10358.81
40.0, 0.0, -2.0, 0.0, 30.0, 0.0, 0.0, 56.0, -2.0, 0.0, 8.0, 0.0, 0.0, 0.0, 0.0, 0.0, 2.0, 0.0, 0.0, 2.0, 0.0, 0.0, -2.0, 0.0, 0.5, 0.0, 0.0, 0.5, 0.0, 0.5, 3.2, 42.0
max moves: 4000
iterations: 250
time: 149.72916666666666
sum: 310907
average over 100: 15833.7
40.0, 0.0, -4.0, 0.0, 22.0, 0.0, 0.0, 48.0, -2.0, 0.0, 8.0, 0.0, 0.0, 0.0, 0.0, 0.0, 2.0, 0.0, 0.0, 2.0, -4.0, 0.0, -2.0, 0.0, -1.5, 0.0, 0.0, 0.5, 0.0, 0.5, 3.2, 42.0
max moves: 5000
iterations: 250
time: 194.19988333333333
sum: 389163
average over 100: 17753.43
40.0, 0.0, -4.0, 0.0, 22.0, 0.0, 0.0, 56.0, -2.0, 0.0, 8.0, 0.0, 0.0, 0.0, 0.5, 0.0, 2.0, 0.0, 0.0, 2.0, -4.0, 0.0, -2.0, 0.0, -1.5, 0.0, 0.0, 0.5, 0.0, 8.5, 3.7, 42.0
max moves: 5000
iterations: 300
time: 244.62855
sum: 495593
average over 100: 35056.42
40.0, 0.0, -6.0, 0.0, 19.5, 0.0, 0.0, 54.0, -2.0, 0.0, 8.0, -2.0, 0.0, 0.0, 0.5, 0.0, 2.0, 0.0, 0.0, 2.0, -4.0, 0.0, -2.0, -0.5, -1.5, 0.0, 0.0, 0.5, 0.0, 0.5, 3.7, 42.0
max moves: 6000
iterations: 300
time: 323.92378333333335
sum: 589538
average over 100: 29400.2
40.0, 0.0, -6.0, 0.0, 19.5, 0.0, 0.0, 62.0, -2.0, 0.0, 8.0, -2.0, 2.0, 0.0, 0.5, 0.0, 2.0, 0.0, 0.0, 2.0, -2.0, 0.0, -1.5, -0.5, -1.5, 0.0, 0.0, 0.5, 0.0, 0.5, 3.7, 42.0
max moves: 6000
iterations: 350
time: 398.9533166666667
sum: 709925
average over 100: 46415.88
32.0, 0.0, -14.0, 0.0, 19.5, 0.0, 0.0, 30.0, -4.0, 0.0, 8.0, -2.0, 2.0, 0.0, 0.5, 0.0, 2.0, 0.0, 0.0, 2.0, -2.0, 0.0, -1.5, -0.5, -2.5, 0.0, 0.0, -1.5, 0.0, 0.5, 3.7, 42.0
max moves: 7000
iterations: 350
time: 474.29451666666665
sum: 833066
average over 100: 58298.02
32.0, 0.0, -14.0, 0.0, 19.5, 0.0, 0.0, 30.0, -4.0, 0.0, 8.0, -2.0, 2.0, 0.0, 2.5, 0.0, 2.0, 0.0, 0.0, 2.0, -2.0, 2.0, -1.5, -0.5, -2.5, 0.0, 0.0, -1.5, 0.0, 0.5, 3.7, 42.0
max moves: 7000
iterations: 400
time: 570.2538
sum: 961155
average over 100: 38997.52
32.0, 0.0, -14.0, 0.0, 17.5, 0.0, 0.0, 30.0, -4.0, 0.0, 8.0, -2.0, 2.0, 0.0, 2.5, 0.0, 2.0, 0.0, 0.0, 2.0, -2.0, 2.0, -1.5, -0.5, -2.5, 0.0, 0.0, -1.5, 0.0, 0.5, 3.7, 40.0
max moves: 8000
iterations: 400
time: 814.5343833333334
sum: 1107138
average over 100: 55404.88
32.0, 0.0, -14.0, 2.0, 17.5, 0.0, 0.5, 30.5, 4.0, 0.0, 8.0, -2.0, 2.0, 0.0, 2.5, 0.0, 2.0, 2.0, 2.0, 2.0, -2.0, 2.0, -1.5, -0.5, -0.5, 0.0, 0.0, 0.5, 0.0, 0.5, 4.2, 40.0
