iterations: 50
max moves: 1000
increment: 32.0
epsilon: 0.5

max moves: 1000
iterations: 60
time: 4.75465
sum: 19686
average over 100: 3335.65
32.0, 2.0, 0.0, 0.5, 2.0, 0.0, 0.0, 96.0, 8.0, 0.5, 0.0, 0.0, 8.0, 0.0, 0.0, 0.0, 0.0, 8.0, 0.0, 0.0, 0.0, 0.0, 0.0, 0.0, 0.0, 8.5, 0.0, 0.0, 0.0, 0.0, 11.2, 64.5
max moves: 2000
iterations: 60
time: 11.075766666666667
sum: 23792
average over 100: 8467.62
32.0, 2.0, 0.0, 0.5, 2.0, 0.0, 0.0, 64.0, 8.0, 0.5, 0.0, -8.0, 8.0, 0.0, 0.0, 0.0, 0.0, 0.0, 0.0, 0.0, 0.0, 0.0, 0.0, 0.0, 0.0, 8.5, 0.0, 0.0, 0.0, 0.0, 11.2, 64.5
max moves: 2000
iterations: 70
time: 22.507916666666667
sum: 47780
average over 100: 15058.23
40.0, 2.0, 0.0, 0.5, 2.0, 0.0, 0.0, 64.0, 8.0, 0.5, 0.0, -8.0, 8.0, 0.0, 0.0, 8.0, 0.0, 0.0, 0.0, 0.0, 0.0, 0.0, 8.0, 0.0, 0.0, 8.5, 0.0, 0.0, 0.0, 0.0, 11.2, 96.5
max moves: 3000
iterations: 70
time: 36.65101666666666
sum: 55764
average over 100: 12156.58
40.0, 2.0, -8.0, 0.5, 2.0, 0.0, 0.0, 64.0, 8.0, 0.5, -0.5, -8.0, 8.0, 0.0, 0.0, 0.0, 0.0, 0.0, 0.0, 0.0, 0.0, 0.0, 8.0, 0.0, 0.0, 8.5, 0.0, 0.0, 0.0, 0.0, 11.2, 88.5
max moves: 3000
iterations: 80
time: 52.456633333333336
sum: 82697
average over 100: 7636.59
40.0, 2.0, -8.0, 0.5, 2.0, 0.0, 0.0, 96.0, 8.0, 0.5, -0.5, -8.0, 8.0, 0.0, 0.0, 0.0, 0.0, 0.0, 0.0, 0.0, 0.0, 0.0, 8.0, 0.0, 0.0, 8.5, 0.0, 0.0, 0.0, 0.0, 11.2, 88.5
max moves: 5000
iterations: 80
time: 71.76558333333334
sum: 91563
average over 100: 5307.87
8.0, 2.0, -8.0, 0.5, 2.0, 0.0, 0.0, 96.0, 0.0, 0.5, -0.5, -8.0, 8.0, 0.0, 0.0, 0.0, 0.0, 0.0, 0.0, 0.0, 0.0, 0.0, 8.0, 0.0, 0.0, 8.5, 0.0, 0.0, 0.0, 0.0, 11.2, 88.5
max moves: 5000
iterations: 90
time: 95.26826666666666
sum: 158904
average over 100: 15602.6
8.0, 2.0, -8.0, 0.5, 34.0, 0.0, 0.0, 96.0, 0.0, 0.5, -0.5, -8.0, 8.0, 0.0, 0.0, 0.0, 0.0, 2.0, 0.0, 0.0, 0.0, 16.0, 8.0, 0.0, 0.0, 9.0, 0.0, 8.0, 0.0, 0.0, 11.2, 104.5
max moves: 8000
iterations: 90
time: 129.96351666666666
sum: 177688
average over 100: 23801.61
8.0, 2.0, -8.0, 0.5, 34.0, 0.0, 0.0, 72.0, -8.0, 0.5, -0.5, -8.0, 0.0, 0.0, 0.0, 0.0, 0.0, 2.0, 0.0, 0.0, 0.0, 16.0, 0.0, 0.0, 0.0, 9.0, 0.0, 8.0, 0.0, 0.0, 11.2, 104.5
max moves: 8000
iterations: 100
time: 210.2307
sum: 284711
average over 100: 49839.25
8.0, 2.0, -8.0, 0.5, 34.0, 0.0, 0.0, 104.0, -8.0, 0.5, -0.5, -8.0, 8.0, 0.0, 0.0, 8.0, 0.0, 2.0, 0.0, 0.0, 0.0, 16.0, 0.0, 0.0, 0.0, 9.0, 0.0, 8.0, 0.0, 0.5, 11.2, 104.5
max moves: 13000
iterations: 100
time: 283.70261666666664
sum: 319093
average over 100: 66132.48
8.0, 2.0, -8.0, 0.5, 26.0, 0.0, 0.0, 96.0, -8.0, 0.5, -0.5, -8.0, 8.0, 0.0, 0.0, 8.0, 0.0, 2.0, 0.0, 0.0, 0.0, 8.0, 0.0, 0.0, 0.0, 9.0, 0.0, 8.0, 0.0, 0.5, 11.2, 104.5
max moves: 13000
iterations: 110
time: 419.86795
sum: 517042
average over 100: 96776.27
8.0, 2.0, -8.0, 0.5, 26.0, 0.0, 0.5, 128.0, 2.0, 0.5, -0.5, -8.0, 8.0, 0.0, 0.0, 8.0, 0.0, 2.0, 0.0, 0.0, 0.0, 8.0, 0.0, 0.5, 0.0, 9.0, 0.0, 8.0, 0.0, 0.5, 11.2, 104.5
max moves: 21000
iterations: 110
time: 553.5841
sum: 569198
average over 100: 65737.12
8.0, 2.0, -8.0, 0.5, 26.0, 0.0, 0.0, 128.0, 2.0, 0.5, -2.5, -8.0, 8.0, 0.0, 0.0, 8.0, 0.0, 2.0, 0.0, 0.0, 0.0, 8.0, 0.0, 0.0, 0.0, 9.0, 0.0, 8.0, -0.5, 0.5, 11.2, 102.5
max moves: 21000
iterations: 120
time: 803.47745
sum: 908519
average over 100: 92172.06
8.0, 2.0, 0.0, 0.5, 28.0, 0.0, 2.0, 128.5, 2.0, 0.5, -2.5, -8.0, 10.0, 0.0, 0.0, 8.0, 2.0, 4.0, 0.0, 0.0, 0.0, 8.0, 0.0, 0.0, 0.0, 9.0, 0.0, 8.0, -0.5, 0.5, 13.2, 102.5
max moves: 34000
iterations: 120
time: 983.3152333333334
sum: 985511
average over 100: 59469.48
0.0, 2.0, 0.0, 0.5, 28.0, 0.0, 2.0, 96.5, 2.0, 0.5, -2.5, -8.0, 10.0, 0.0, -2.0, 8.0, 2.0, 4.0, 0.0, 0.0, 0.0, 8.0, 0.0, 0.0, 0.0, 9.0, 0.0, 8.0, -0.5, 0.5, 13.2, 102.5
max moves: 34000
iterations: 130
time: 1264.5523666666666
sum: 1583823
average over 100: 91729.91
8.0, 2.0, 0.0, 0.5, 28.0, 0.0, 2.0, 96.5, 2.0, 0.5, -2.5, -8.0, 10.0, 0.0, 6.0, 8.0, 2.0, 4.0, 0.0, 0.0, 0.0, 8.0, 0.0, 0.0, 0.0, 9.0, 0.0, 8.0, -0.5, 1.0, 13.2, 110.5
max moves: 55000
iterations: 130
time: 1717.3491166666668
sum: 1719793
average over 100: 104481.4
8.0, 2.0, -8.0, 0.5, 20.0, 0.0, 2.0, 96.5, 2.0, 0.5, -2.5, -8.0, 10.0, 0.0, 6.0, 8.0, 2.0, 4.0, 0.0, 0.0, 0.0, 8.0, -2.0, -1.0, -2.0, 9.0, 0.0, 8.0, -0.5, 1.0, 13.2, 110.5
max moves: 55000
iterations: 140
time: 2343.69325
sum: 2755773
average over 100: 129487.2
8.0, 2.0, -8.0, 0.5, 20.0, 0.0, 2.0, 96.5, 2.0, 0.5, -2.5, -8.0, 10.0, 0.0, 6.0, 8.0, 4.0, 4.0, 0.0, 8.0, 0.0, 8.0, -2.0, -1.0, 6.0, 9.0, 0.0, 8.0, -0.5, 1.0, 13.2, 110.5
