iterations: 50
max moves: 1000
increment: 32.0
epsilon: 0.5

max moves: 2000
iterations: 60
time: 7.4965
sum: 19843
average over 100: 5106.55
32.0, 0.0, 0.0, 2.0, 32.0, 0.0, 0.0, 96.0, 0.0, 0.5, 0.0, 0.0, 0.0, 0.0, 0.0, 0.0, 0.0, 0.0, 0.0, 0.5, 0.0, 0.0, 0.0, 8.0, 0.0, 0.0, 0.0, 8.0, 8.0, 2.0, 3.2, 64.0
max moves: 3000
iterations: 70
time: 19.699166666666667
sum: 47638
average over 100: 7507.41
32.0, 0.0, 0.0, 2.0, 32.0, 0.0, 0.0, 96.0, 0.0, 0.5, 0.0, 0.0, -2.0, 0.0, 0.0, 0.0, 0.0, 0.0, 0.0, 0.5, -8.0, 0.0, 0.0, 8.0, 0.0, 0.0, 0.0, 6.0, 8.0, 2.0, 3.2, 64.0
max moves: 5000
iterations: 80
time: 40.60458333333333
sum: 81930
average over 100: 5167.09
32.0, 0.0, 0.0, 2.0, 32.0, 0.0, 0.0, 128.0, 8.0, 0.5, 2.0, 0.0, -2.0, 0.0, 2.0, 0.0, 0.0, 0.0, 0.0, 0.5, -8.0, 8.0, 0.0, 8.0, 0.0, 0.0, 0.0, 6.0, 8.0, 2.0, 3.2, 64.0
max moves: 8000
iterations: 90
time: 82.05626666666667
sum: 155953
average over 100: 12616.27
32.0, 0.0, -8.0, 2.0, 32.0, 0.0, 0.0, 64.0, 8.0, 0.5, 2.0, -8.0, -2.0, 0.0, 2.0, 0.0, 0.0, 0.0, 0.0, 0.5, -8.0, 8.0, 0.0, 8.0, -0.5, 0.0, 0.0, 6.0, 0.0, 2.0, 3.2, 64.0
max moves: 13000
iterations: 100
time: 147.9332
sum: 287718
average over 100: 88171.56
32.0, 0.0, -8.0, 2.0, 32.0, 0.0, 0.0, 64.0, 8.0, 0.5, 4.0, -8.0, -2.0, 0.5, 2.0, 0.5, 0.0, 0.0, 2.0, 0.5, -8.0, 8.0, 0.0, 8.0, -0.5, 0.0, 0.0, 6.0, 0.0, 2.0, 9.2, 80.0
max moves: 21000
iterations: 110
time: 247.01286666666667
sum: 518263
average over 100: 121540.78
24.0, 0.0, -8.0, 2.0, 24.0, 0.0, 0.0, 64.0, 8.0, 0.5, 4.0, -8.0, -2.0, 0.5, 2.0, 0.5, 0.0, 0.0, 2.0, 0.5, -8.0, 8.0, 0.0, 8.0, -0.5, 0.0, 0.0, 6.0, 0.0, 2.0, 9.2, 80.0
max moves: 34000
iterations: 120
time: 392.87326666666667
sum: 917128
average over 100: 114791.68
24.0, 0.0, -8.0, 2.0, 24.0, 0.0, 0.0, 64.0, 8.0, 0.5, 4.0, -8.0, -2.0, 0.5, 2.0, 0.5, 0.0, 0.0, 2.0, 0.5, -8.0, 8.0, 0.0, 8.0, -0.5, 0.0, 0.0, 6.0, 0.0, 2.0, 9.2, 80.0
max moves: 55000
iterations: 130
time: 740.5556833333334
sum: 1579853
average over 100: 90630.6
24.0, 0.0, -8.0, 2.0, 24.0, 0.0, 0.0, 64.0, 8.0, 0.5, 4.0, -8.0, -2.0, 0.5, 2.0, 0.5, 0.0, 0.0, 2.0, 0.5, -8.0, 8.0, 0.0, 8.0, -0.5, 0.0, 0.0, 4.0, 0.0, 2.0, 9.2, 78.0
max moves: 89000
iterations: 140
time: 1266.7017166666667
sum: 2756111
average over 100: 106988.39
32.0, 0.0, -8.0, 4.5, 24.0, 0.0, 0.0, 64.0, 8.0, 0.5, 4.0, -8.0, -2.0, 0.5, 2.0, 0.5, 0.0, 0.0, 2.0, 0.5, -8.0, 8.0, 0.0, 8.0, -0.5, 0.0, 0.0, 4.0, 0.0, 4.0, 9.2, 86.0
max moves: 144000
iterations: 150
time: 2230.0760333333333
sum: 4765431
average over 100: 181992.62
32.0, 0.0, -8.0, 4.5, 22.0, 0.0, 0.0, 64.0, -2.0, 0.5, 4.0, -8.0, -2.0, 0.5, 2.0, 0.5, 0.0, 0.0, 2.0, 0.5, -8.0, 8.0, 0.0, 8.0, -0.5, 0.0, 0.0, 4.0, 0.0, 4.0, 9.2, 78.0
