iterations: 30
max moves: 3000
increment: 32.0
epsilon: 0.125

time: 23.715216666666667
sum: 30874
0.5, 32.0, 0.0, -2.0, 0.0, 0.0, 0.0, 24.0, 40.0, 0.0, 0.0, 0.0, 0.0, -0.5, 0.0, 0.0, 0.0, 0.0, 0.0, 0.0, 0.0, 0.0, 0.0, 0.0, 0.0, 0.0, 0.0, -2.0, 0.0, 0.25, 0.0, 0.0, 2.0, -0.5, 4.0, 0.0, 2.5, 8.0
time: 50.476616666666665
sum: 35839
0.5, 32.0, 0.0, -9.5, 0.0, 0.0, 0.0, 24.5, 16.0, 0.0, 0.0, 0.0, 0.0, -0.5, 0.0, 0.0, 0.0, 0.0, 0.0, 0.0, 0.0, 0.0, 0.0, 0.0, -0.5, 0.0, 0.0, -2.0, 0.0, 0.25, 0.0, 0.0, 2.0, 1.5, 4.0, 0.0, 2.5, 8.0
time: 76.66296666666666
sum: 35925
2.5, 40.0, 0.0, -9.5, 0.0, 0.0, 0.0, 24.5, 16.0, 0.0, 0.0, 0.0, 0.0, -0.5, 0.0, 0.0, 0.0, 0.0, 0.0, 0.0, 0.0, 0.0, 2.0, 0.0, -0.5, 0.0, 0.0, 0.0, 0.0, 0.25, 0.0, 0.0, 2.0, 1.5, 4.0, 0.0, 2.5, 0.5
time: 94.16553333333333
sum: 35913
2.5, 40.0, 0.0, -9.5, 0.0, 0.0, -0.5, 24.5, 16.0, 0.0, 0.0, 0.0, 0.0, -2.5, 0.0, 0.0, 0.0, 0.0, 0.0, 0.0, 0.0, 0.0, 2.0, 0.0, -0.5, 0.0, 0.0, 0.0, 0.0, 0.25, 0.0, 0.0, 2.0, 1.5, 4.0, 0.0, 2.5, 0.5
time: 110.1907
sum: 35907
2.625, 40.0, 0.0, -9.5, 0.0, 0.0, 0.0, 32.5, 16.0, 0.0, 0.0, 0.0, 0.0, -2.5, 0.0, 0.0, 0.0, 0.0, 0.0, 0.0, 0.0, 0.0, 2.0, 0.0, -0.5, 0.0, 0.125, 0.0, 0.0, 0.25, 0.0, 0.0, 2.0, 1.5, 4.0, 0.0, 2.5, 1.0
time: 125.2248
sum: 35918
2.5, 37.5, 0.0, -9.5, 0.0, 0.0, 0.0, 24.5, 8.0, 0.0, 0.0, 0.0, -0.125, -2.5, 0.0, 0.0, 0.0, 0.0, 0.0, 0.0, 0.0, 0.0, 2.0, 0.0, -0.5, 0.0, 0.125, 0.0, 0.0, 0.25, 0.0, 0.0, 2.0, 1.5, 2.0, 0.0, 2.5, 1.0
time: 151.68851666666666
sum: 34597
2.5, 37.5, 0.0, -1.5, 0.0, 0.0, 0.0, 14.5, 8.0, 0.0, 0.0, -8.0, -2.125, -2.5, 0.0, 0.0, 0.0, 0.0, 0.0, 0.0, 0.0, 0.0, 2.0, 0.0, -0.5, 0.0, 0.125, 0.0, 0.0, 0.25, 0.0, 0.0, 2.0, 1.5, 2.0, 0.0, 2.5, 1.0
time: 179.05701666666667
sum: 35803
2.5, 37.5, 0.0, -1.5, -0.125, 0.0, 0.0, 62.5, 8.0, 0.0, -1.5, -10.0, -1.625, -2.5, 0.0, 0.0, 0.0, 0.0, 0.0, 0.0, 0.0, 0.0, 2.0, 0.0, -0.5, 0.0, 0.125, 0.0, 0.0, 0.25, 0.0, 0.0, 2.0, 1.5, 2.0, 0.0, 2.5, 1.0
time: 205.08603333333335
sum: 34864
2.5, 45.5, 2.0, -1.5, -0.125, 0.0, 0.0, 30.5, 8.0, 0.0, -1.5, -10.0, -1.625, -2.5, 0.0, 0.0, 0.0, 0.0, 0.0, 0.0, 0.0, 0.0, 2.0, 0.0, -0.5, 0.0, -1.875, 0.0, 0.0, 0.25, -0.125, 0.0, 2.0, 1.5, 2.0, 0.0, 10.5, 1.0
time: 230.43116666666666
sum: 34405
2.5, 45.5, 2.0, -3.5, -0.125, 0.0, 0.0, 30.5, 8.0, 0.0, -1.5, -10.0, -1.625, -2.5, 0.0, 0.0, 0.0, 0.0, 0.0, 0.0, 0.0, 0.0, 2.0, 0.0, -0.5, -0.5, -1.875, 0.0, 0.0, 0.25, -0.125, 0.0, 2.0, 2.0, 2.0, 2.0, 2.5, -3.0
time: 257.8874833333333
sum: 35690
2.5, 37.5, 2.0, -3.5, -0.125, 0.0, 0.0, 30.5, 8.0, 0.0, 6.625, -2.0, -1.625, -0.5, 0.0, 0.0, 0.0, 0.0, 0.0, 0.0, 2.0, 0.0, 2.0, 0.0, -0.5, -0.5, 0.125, 0.0, 0.0, 0.25, -0.125, 0.0, 2.0, 2.0, 2.0, 2.0, 2.5, -3.0
time: 284.64838333333336
sum: 35861
2.5, 37.5, 2.0, -3.5, -0.125, 0.0, 0.0, 30.5, 8.0, -8.0, 7.125, -2.0, -1.625, -0.5, 0.0, 0.0, 0.0, 0.0, 0.0, 0.0, 2.0, 0.0, 2.0, 0.0, -0.5, -0.5, 0.125, 0.0, 0.0, 0.25, 3.875, 0.0, 2.0, 2.0, 2.0, 2.0, 2.5, -3.0
time: 313.41745
sum: 35913
2.5, 45.5, 2.0, -11.5, -0.125, 0.0, 0.0, 30.5, 16.0, 0.0, -0.875, -2.0, -1.625, -0.5, 0.0, 0.0, 0.0, 0.0, 0.0, 0.0, 2.0, 0.0, 1.5, 0.0, -0.5, -0.5, 0.125, 0.0, -0.125, 0.25, 3.875, 0.0, 0.0, 1.375, 2.0, 2.0, 2.5, -3.0
time: 328.6270166666667
sum: 35876
2.5, 45.5, 2.0, -11.5, -0.125, 0.0, 0.125, 30.5, 16.0, 0.0, -0.875, -2.0, -1.625, -0.5, 0.0, 0.0, 0.0, 0.0, 0.0, 0.0, 2.125, 2.0, 1.5, 0.0, -0.375, -0.5, 0.125, 0.0, -0.125, 0.25, 3.875, 0.0, 0.0, 1.375, 2.0, 2.0, 2.5, 5.0
time: 356.3546166666667
sum: 35300
2.625, 45.5, 2.0, -11.5, -0.125, 0.0, 0.125, 30.5, 16.0, 0.0, 1.125, -2.0, -1.625, -1.0, 0.0, 0.0, 0.0, 0.0, 0.0, 0.0, 2.125, 2.0, 1.5, 0.0, 7.625, -0.5, 0.125, 0.0, -0.125, 0.25, 3.875, -2.0, 0.0, 3.375, 2.0, 2.0, 4.5, 5.0
time: 383.88053333333335
sum: 35916
4.625, 53.5, 2.0, -3.5, -0.125, 0.0, 0.125, 38.5, 16.0, 0.0, 1.625, -2.0, -1.625, 3.0, 0.0, 0.0, 0.0, 0.0, 0.0, 0.0, 2.125, 2.0, 1.5, 0.0, 7.625, -0.5, 0.125, 0.0, -0.125, 0.25, 3.875, 0.0, 0.0, 3.375, 2.0, 2.0, 4.5, 5.0
time: 413.77265
sum: 35903
4.625, 45.5, 2.0, -3.625, -0.125, 0.0, 0.125, 30.5, 8.0, 0.0, 1.625, -2.0, -1.625, 3.0, 0.0, 0.0, 0.0, 0.0, 0.0, 0.0, 2.125, 2.5, 1.5, 0.0, -0.375, -0.5, 0.125, 0.0, -0.125, 0.25, 3.875, 0.0, 8.0, 3.375, 2.0, 2.0, 4.5, 5.0
