iterations: 50
max moves: 1000
increment: 32.0
epsilon: 0.5

max moves: 1000
iterations: 50
time: 2.07355
sum: 19051
average over 100: 2408.48
32.0, 0.0, 0.0, 0.0, 0.0, 0.0, 0.0, 0.0, 64.0, 0.0, 0.0, 0.0, 0.0, 0.0, 0.0, 0.0, 0.0, 0.0, 0.0, 0.0, 0.0, 0.0, 0.0, 0.0, 0.0, 0.0, 0.0, 0.0, 0.0, 0.0, 0.0, 3.2, 64.0

max moves: 1760
iterations: 60
time: 15.047916666666667
sum: 40204
average over 100: 3696.77
24.0, 0.0, -16.0, 0.0, 0.0, 8.0, 0.0, 0.0, 72.0, -8.0, 0.0, 0.0, 0.0, 0.0, 0.0, 0.0, 0.0, 0.0, 0.0, 0.0, 0.0, 0.0, 0.0, 0.0, 0.0, 0.0, 0.0, 0.0, 0.0, 0.0, 8.0, 3.2, 56.0

max moves: 3032
iterations: 65
time: 29.047833333333333
sum: 75167
average over 100: 6032.05
24.0, 0.0, -16.0, 0.0, 0.0, 8.0, 0.0, 0.0, 40.0, -8.0, 0.0, 0.0, 0.0, 0.0, 0.0, 0.0, 0.0, 0.0, 0.0, -0.5, 0.0, 0.0, 0.0, 0.0, 0.0, 0.0, 0.0, 0.0, 0.0, -0.5, 8.0, 3.2, 56.0

time: 63.69725
sum: 114770
average over 100: 6292.72
24.0, 0.0, -16.0, 0.0, 0.0, 8.0, 0.0, 0.0, 72.0, -6.0, 0.0, 0.0, 0.0, 0.0, 0.0, 0.0, 0.0, 0.0, 0.0, -0.5, 0.0, 0.0, 0.0, 0.0, 0.0, 0.0, 0.0, 0.0, 0.0, -0.5, 8.0, 3.2, 64.0

max moves: 4857
iterations: 75
time: 74.63406666666667
sum: 139910
average over 100: 10196.15
16.0, 0.0, -16.0, 0.0, 0.0, 8.0, 0.0, 0.0, 40.0, -6.0, 0.0, 0.0, 0.0, 0.0, 0.0, 0.0, 0.0, 0.0, 0.0, -0.5, 0.0, 0.0, 0.0, 0.0, 0.0, 0.0, 0.0, 0.0, 0.0, -0.5, 8.0, 3.2, 48.0

max moves: 8157
iterations: 80
time: 112.67715
sum: 252352
average over 100: 18217.05
16.0, 0.0, -8.0, 0.0, 0.0, 16.0, 0.0, 0.0, 40.0, -6.0, 0.0, 0.0, 0.0, 0.0, 0.0, 0.0, 0.0, 2.0, 0.0, -0.5, 0.0, 0.0, 2.0, 0.0, 0.0, 0.0, 0.0, 0.0, 0.0, -0.5, 8.0, 3.2, 48.0

max moves: 13510
iterations: 85
time: 171.66936666666666
sum: 442028
average over 100: 27414.01
8.0, 0.0, -10.0, 0.0, 0.0, 16.0, 0.0, 0.0, 40.0, -6.0, 0.0, 0.0, -2.0, 0.0, -2.0, 0.0, 0.0, 0.0, 0.0, -0.5, 0.0, -2.0, 0.0, 0.0, 0.0, 0.0, 0.0, 0.0, 0.0, -0.5, 8.0, 3.2, 48.0

max moves: 19390
iterations: 90
time: 289.74648333333334
sum: 676900
average over 100: 45873.62
8.0, 0.0, -10.0, 0.0, 0.5, 18.0, 0.0, 0.0, 40.0, 2.0, 0.0, 0.0, -2.0, 0.0, -2.0, 2.0, 0.0, 0.0, 0.0, -0.5, 0.0, -2.0, 2.0, 0.0, 0.0, 0.0, 0.0, 0.0, 4.0, -0.5, 8.0, 3.2, 48.0

time: 619.54425
sum: 1779471
average over 100: 79049.24
8.0, 0.0, -10.0, 0.0, 0.5, 18.0, 0.0, 0.0, 40.0, -6.0, 0.0, 0.0, -2.0, 0.0, -2.0, 2.0, 0.0, 0.0, 0.0, -0.5, 0.0, -2.0, 2.0, 0.0, 0.0, 0.0, 0.0, 0.0, 4.0, -0.5, 0.0, 3.2, 48.0

time: 1122.5324
sum: 2406857
average over 100: 65961.75
16.0, 0.0, -10.0, 0.0, 0.5, 18.0, 0.0, 0.0, 40.0, -6.0, 0.0, 0.0, -2.0, 0.0, -2.0, 2.0, 0.0, 0.0, 0.0, -0.5, 0.0, -2.0, 2.0, 0.0, 0.0, 0.0, 0.0, 0.0, 4.0, -0.5, 0.5, 3.2, 48.0

max moves: 37475
iterations: 105
time: 1272.6400833333332
sum: 1495593
average over 100: 104621.62
8.0, 0.0, -10.0, 0.0, 0.5, 18.0, 0.0, 0.0, 40.0, -6.0, 0.0, 0.0, -2.0, 0.0, -2.0, 2.0, 0.0, 0.0, 0.0, -0.5, 0.0, -2.0, 2.0, 0.0, 0.0, 0.0, 0.0, 0.0, 2.0, -0.5, 0.5, 3.2, 44.0

max moves: 75227
iterations: 110
time: 1739.1575666666668
sum: 3150756
average over 100: 204584.81
8.0, 0.0, -10.0, 0.0, 0.5, 18.0, 0.0, 0.0, 40.0, -4.0, 0.0, 0.0, -2.0, 0.5, -2.0, 2.0, 0.0, 0.0, 2.0, -0.5, 0.0, -2.0, 2.0, 0.0, 2.0, 0.0, 0.0, 0.0, 2.0, -0.5, 0.5, 3.2, 44.0

