iterations: 50
max moves: 1000
increment: 32.0
epsilon: 0.125

time: 18.348516666666665
sum: 19787
0.0, 24.0, 0.0, 0.0, 0.0, 24.0, 0.0, 0.0, -2.0, 0.0, 0.0, 0.0, -1.875, 0.0, 0.0, 0.0, 8.0, 0.0, 6.0, 0.0, 0.0, 0.0, 0.0, 0.0, 0.0, 0.0, 2.0, 5.2, 42.0
time: 35.8303
sum: 19373
0.0, 24.0, 0.0, 0.0, 0.0, 24.0, 0.0, 2.0, -2.0, 0.0, 0.0, 0.0, 6.125, 0.0, 0.0, 0.0, 8.0, 0.0, 2.0, 0.0, 0.0, 0.0, 8.0, 0.0, 0.0, 0.0, 2.0, 5.2, 42.0
time: 54.6385
sum: 19334
0.0, 26.0, 0.0, -8.0, 0.0, 24.0, 0.0, 2.0, -2.0, 8.0, 0.0, 0.0, 6.125, 0.0, 0.0, 0.0, 8.0, 0.0, 2.0, 0.0, 0.0, 0.0, 7.5, 0.0, 0.0, 0.0, 2.0, 5.2, 42.0
