iterations: 50
max moves: 2147483647
increment: 32.0
epsilon: 0.125

time: 31.1932
sum: 36115
32.0, 160.0, 0.0, 0.0, 0.0, 8.0, 64.0, 32.0, 32.0, 0.0, 32.0, -32.0, 0.5, 0.0, 0.0, 0.0, 0.0, 0.0, 0.5, 8.0, 32.0, 8.0, 8.0, 32.0, 40.0, 0.0, 32.0, 0.0, 2.0, -2.0, 32.0, 2.0, 32.0, 0.0, 30.0, 0.0, 8.0, 30.0
time: 106.4938
sum: 111550
32.0, 160.0, 0.0, -2.0, -16.0, 0.0, 24.0, 24.0, 0.0, 0.0, 0.0, -40.0, -7.5, 0.0, 0.0, 0.0, 0.0, 0.0, 0.5, 8.0, 32.0, 8.0, 8.0, 32.0, 40.0, 0.0, 32.0, 0.0, -6.0, -2.5, 0.0, 2.0, 15.875, 0.0, 30.0, -8.0, 8.0, 30.0
