iterations: 50
max moves: 1000
increment: 32.0
epsilon: 0.5

max moves: 1000
iterations: 50
time: 6.241966666666666
sum: 19730
average over 100: 2623.91
64.0, 0.0, 0.0, 0.0, 2.0, 32.0, 0.0, 0.0, 32.0, 0.0, 8.0, 0.0, 2.0, 0.0, 0.0, 0.5, 0.0, 0.0, 0.0, 0.0, 0.0, 0.0, 8.0, 0.0, 0.0, 0.0, 0.0, 0.0, 2.0, 0.0, 0.0, 3.2, 32.0

max moves: 2810
iterations: 55
time: 27.183066666666665
sum: 61389
average over 100: 12028.1
64.0, -2.0, 0.0, 0.0, 2.0, 24.0, 0.0, 0.0, 32.0, -8.0, 8.0, 0.0, -6.0, 0.0, 0.0, -1.5, 0.0, 0.0, 0.0, -2.5, -0.5, -2.0, 8.0, 0.0, 0.0, 0.0, 0.0, 0.0, 2.0, 0.0, 0.0, 3.2, 32.0

time: 67.68726666666667
sum: 148949
average over 100: 8217.08
64.0, -2.0, 0.0, 0.0, 2.0, 32.0, 0.0, 0.0, 32.5, -8.0, 8.0, 0.0, -6.0, 0.0, 0.0, -1.5, 0.0, 0.0, 0.0, -2.5, -0.5, -2.0, 8.0, 0.0, 0.0, 0.0, 0.0, 0.0, 2.0, 0.0, 0.0, 3.2, 32.0

time: 98.05275
sum: 149980
average over 100: 6629.53
64.0, -2.0, 0.0, 0.0, 2.0, 24.0, 0.0, 0.0, 32.5, -8.0, 8.0, 0.0, -6.0, 0.0, 0.0, -1.5, 0.0, 0.0, 0.0, -2.5, -0.5, -2.0, 8.0, 0.0, -0.5, 0.0, 0.0, -2.0, 2.0, 0.0, 0.0, 3.2, 32.0

time: 128.9775
sum: 148207
average over 100: 5580.94
64.0, -2.0, 0.0, 0.0, 2.0, 24.0, 0.0, 0.0, 32.5, 8.0, 8.0, 0.0, -6.0, 0.0, 0.0, -1.5, 0.0, 0.0, 0.0, -2.5, -0.5, -2.0, 8.0, 0.0, -0.5, 0.0, 0.0, -2.0, 2.0, 0.0, 0.0, 3.2, 34.0

time: 160.84651666666667
sum: 149071
average over 100: 8865.55
64.0, -2.0, 0.0, 0.0, 1.5, 24.0, 0.0, 0.0, 32.5, 8.0, 8.0, 0.0, -6.0, 0.0, 0.0, -1.5, 0.0, 0.0, 0.0, -2.5, -0.5, -4.0, 0.0, 0.0, -0.5, 0.0, 0.0, -2.0, 2.0, 0.0, 0.0, 3.2, 34.0

time: 204.60773333333333
sum: 148231
average over 100: 6706.81
64.0, -2.0, 0.0, 0.0, 1.5, 24.0, 0.0, 0.0, 34.5, 8.5, 8.0, 0.0, -6.0, 0.0, 0.0, -1.5, 0.0, 0.0, 0.0, -2.5, -0.5, -4.0, 0.0, 0.0, -0.5, 0.0, 0.0, 6.0, 2.0, 0.0, 0.0, 3.2, 34.5

time: 233.9537
sum: 151215
average over 100: 7904.01
62.0, -2.0, 0.0, 0.0, 1.5, 24.0, 0.0, 0.0, 34.5, 8.5, 8.0, 0.0, -6.0, 0.0, 0.0, -1.5, 0.0, 0.0, 0.0, -2.5, -0.5, -4.0, 0.0, 0.0, -0.5, 0.0, 0.0, -2.0, 2.0, 0.0, 0.0, 3.2, 34.5

time: 276.15493333333336
sum: 150602
average over 100: 9257.48
70.0, -2.0, 0.0, 0.0, 1.5, 24.0, 0.0, 0.0, 34.5, 8.5, 8.0, 0.0, -6.0, 0.0, 0.0, -1.5, 0.5, 0.0, 0.0, -2.5, -0.5, -4.0, 0.0, 0.5, -0.5, 0.0, 0.0, -1.5, 2.0, 0.0, 2.0, 3.2, 34.5

time: 307.98951666666665
sum: 150819
average over 100: 9259.45
62.0, -2.0, 0.0, 0.0, 1.5, 22.0, 0.0, 0.0, 26.5, 8.5, 8.0, 0.0, -6.0, 0.0, 0.0, -1.5, 0.5, 0.0, 0.0, -2.5, -0.5, -4.0, 0.0, 0.5, -0.5, 0.0, 0.0, -1.5, 2.0, 0.0, 2.0, 3.2, 34.5

max moves: 6720
iterations: 60
time: 349.5149
sum: 155686
average over 100: 12683.31
70.0, -2.0, 0.0, 0.0, 1.5, 22.0, 2.0, 0.0, 34.5, 8.5, 8.0, 0.0, -6.0, 0.0, 0.0, -1.5, 0.5, 0.0, 0.0, -2.5, -0.5, -4.0, 0.0, 0.5, -0.5, 2.0, 2.0, -1.5, 2.0, 0.0, 2.0, 5.2, 34.5

max moves: 11815
iterations: 65
time: 421.33521666666667
sum: 291964
average over 100: 19647.86
70.0, -2.0, 0.0, 0.0, 1.5, 14.0, 2.0, 0.0, 26.5, 8.5, 8.0, 0.0, -6.0, 0.0, 0.0, -3.5, 0.5, -2.0, 0.0, -3.0, -0.5, -4.0, 0.0, 0.5, -0.5, 2.0, 2.0, -1.5, 2.0, 0.0, 2.0, 5.2, 34.5

time: 531.73975
sum: 457363
average over 100: 16281.57
70.0, -2.0, 0.5, 0.0, 1.5, 14.0, 2.0, 0.0, 26.5, 8.5, 8.0, 0.0, -6.0, 0.0, 0.0, -3.5, 0.5, -2.0, 0.0, -3.0, -0.5, -4.0, 0.0, 2.5, -0.5, 2.0, 4.0, -1.5, 2.0, 0.0, 2.0, 5.2, 42.5

time: 624.20725
sum: 384471
average over 100: 10227.98
70.0, -2.0, -7.5, 0.0, 1.5, 6.0, 2.0, 0.0, 26.5, 8.5, 8.0, 0.0, -6.0, 0.0, 0.0, -3.5, 0.5, -2.0, 0.0, -3.0, -0.5, -4.0, 0.0, 2.5, -0.5, 2.0, 4.0, -1.5, 2.0, 0.0, 2.0, 5.2, 42.5

time: 757.7471833333333
sum: 444223
average over 100: 13487.96
78.0, -2.0, -5.5, 0.0, 1.5, 14.0, 2.0, 0.0, 34.5, 8.5, 10.0, 0.0, -6.0, 0.0, 0.0, -3.5, 0.5, -2.0, 0.0, -3.0, -0.5, -4.0, 0.0, 3.0, -0.5, 2.0, 4.0, -1.5, 2.0, 0.0, 2.0, 5.2, 52.5

time: 855.7908333333334
sum: 439424
average over 100: 14538.5
78.0, -2.0, -13.5, 0.0, 1.5, 14.0, 2.0, 0.0, 32.5, 4.5, 10.0, 0.0, -6.0, 0.0, 0.0, -3.5, 0.5, -2.0, 0.0, -3.0, -0.5, -4.0, 0.0, 3.0, -1.0, 2.0, 4.0, -1.5, 2.0, 0.0, 2.0, 5.2, 52.5

time: 990.2088833333333
sum: 435565
average over 100: 17966.17
86.0, -1.5, -13.5, 0.0, 1.5, 14.0, 2.0, 0.0, 32.5, 4.5, 10.5, 0.0, -6.0, 0.0, 0.0, -3.5, 0.5, -2.0, 0.0, -3.0, -0.5, -4.0, 0.5, 3.0, -1.0, 2.0, 4.0, -1.5, 2.0, 0.0, 2.0, 5.2, 54.5

time: 1097.4226166666667
sum: 420781
average over 100: 13986.76
86.0, -1.5, -13.5, 0.0, 1.5, 14.0, 2.0, 0.0, 32.5, 2.5, 10.5, 0.0, -6.0, 0.0, 0.0, -3.5, -1.5, -2.0, 0.0, -3.0, -0.5, -4.0, 0.5, 3.0, -1.0, 2.0, 4.0, -1.5, 2.0, 0.0, 2.0, 5.2, 54.5

