iterations: 50
max moves: 1000
increment: 32.0
epsilon: 0.5

max moves: 1000
iterations: 50
time: 6.11655
sum: 19780
average over 100: 4290.93
32.0, 0.5, 0.0, 0.0, 0.0, 32.0, 0.0, 0.0, 64.0, 2.5, 0.0, 8.0, 0.0, 0.0, 0.0, 0.0, 0.0, 0.0, 0.0, 0.0, 0.0, 0.0, 0.0, 0.0, 0.0, 0.0, 8.0, 0.0, 0.0, 0.0, 0.0, 3.2, 40.0

max moves: 2802
iterations: 55
time: 19.28805
sum: 61001
average over 100: 12874.39
32.0, 0.5, -2.0, 0.0, 0.0, 32.0, 0.0, 0.0, 56.0, 2.5, 0.0, 8.0, 0.0, 0.0, 0.0, 0.0, 0.0, 0.0, 0.0, 0.0, 0.0, -2.0, 0.0, -2.0, 0.0, 0.0, 0.0, -2.0, 0.0, 0.0, 0.0, 3.2, 40.0

time: 74.69648333333333
sum: 243074
average over 100: 11048.66
34.0, 0.5, -2.0, 0.0, 0.0, 32.0, 0.0, 0.0, 64.0, 2.5, 0.0, 8.0, 0.0, 0.0, 0.0, 0.0, 0.0, 0.0, 0.0, 0.0, 0.0, -2.0, 2.0, -2.0, 2.0, 0.0, 0.0, -2.0, 0.0, 0.0, 0.0, 3.2, 40.0

time: 128.3079
sum: 247657
average over 100: 21368.05
34.0, 0.5, -4.0, 0.0, 0.0, 23.5, 0.0, 0.0, 32.0, 2.5, 0.0, 8.0, 0.0, 0.0, 0.0, 0.0, 0.0, 0.0, 0.0, 0.0, 0.0, -2.0, 2.0, -2.0, 2.0, 0.0, 0.0, -2.0, 0.0, 0.0, 0.0, 3.2, 40.0

time: 179.72376666666668
sum: 245529
average over 100: 14562.91
34.0, 0.5, -4.0, 0.0, 0.0, 31.5, 0.0, 0.0, 32.0, 2.5, 0.0, 8.0, 0.0, 0.0, 0.0, 0.0, 0.0, 0.0, 0.0, 0.0, 0.0, -2.0, 2.0, -2.0, 4.0, 0.0, 0.0, -2.0, 0.0, 0.0, 0.0, 3.2, 40.0

max moves: 11027
iterations: 60
time: 233.76258333333334
sum: 251832
average over 100: 23833.08
34.0, -1.5, -4.0, 0.0, 0.0, 23.5, 0.0, 0.0, 32.0, -5.5, 0.0, 8.0, -0.5, 0.0, 0.0, 0.0, 0.0, 0.0, 0.0, 0.0, 0.0, -2.0, 2.0, -2.0, 4.0, 0.0, 0.0, -2.0, 0.0, -0.5, 0.0, 3.2, 40.0

time: 366.73001666666664
sum: 499306
average over 100: 22134.71
42.0, -1.5, -4.0, 0.0, 0.0, 23.5, 0.0, 0.0, 40.0, -5.5, 0.0, 8.0, -0.5, 0.0, 0.0, 0.0, 0.0, 0.0, 0.0, 0.0, 0.0, -2.0, 2.0, -2.0, 4.0, 0.0, 0.0, -2.0, 0.5, -0.5, 0.5, 3.2, 40.0

time: 462.49645
sum: 478130
average over 100: 18207.31
40.0, -1.5, -4.0, 0.0, 0.0, 23.0, 0.0, 0.0, 40.0, -5.5, 0.0, 8.0, -0.5, 0.0, -2.0, 0.0, 0.0, 0.0, 0.0, 0.0, 0.0, -2.0, 2.0, -2.0, 4.0, 0.0, 0.0, -2.0, 0.5, -0.5, 0.5, 3.2, 40.0

time: 559.9521666666667
sum: 493113
average over 100: 24146.69
40.0, -1.5, -4.0, 0.0, 2.0, 31.0, 0.0, 0.0, 40.0, -5.5, 0.0, 8.0, -0.5, 0.0, -2.0, 0.0, 0.0, 0.0, 0.0, 0.0, 0.0, -2.0, 2.0, -2.0, 4.0, 0.0, 0.0, -2.0, 0.5, -0.5, 0.5, 3.2, 40.0

time: 663.5155666666667
sum: 488143
average over 100: 28666.47
40.0, -1.5, -4.0, 0.0, 2.0, 31.0, -2.0, 0.0, 40.0, -5.5, 0.0, 8.0, -2.5, 0.0, -2.0, 0.0, -2.0, 0.0, 0.0, -0.5, 0.0, -2.0, 2.0, -2.5, 4.0, 0.0, 0.0, -2.0, 0.5, -0.5, 0.5, 3.2, 40.0

time: 767.4479333333334
sum: 486179
average over 100: 20966.55
40.0, 0.5, -4.0, 0.0, 2.0, 31.0, -2.0, 0.0, 56.0, -5.5, 0.0, 8.0, -2.5, 0.0, -1.5, 0.0, -2.0, 0.0, 0.0, -0.5, 0.0, -2.0, 2.0, -2.5, 4.0, 0.0, 0.0, -2.0, 0.5, -0.5, 0.5, 3.2, 40.0

time: 876.4173
sum: 496105
average over 100: 32974.35
40.0, 0.5, -4.0, 0.0, 2.0, 31.0, -2.0, 0.0, 56.0, -5.5, 0.0, 8.0, -2.5, 0.0, -1.5, 0.0, -2.0, 0.0, 0.0, -0.5, -0.5, -4.0, 2.0, -2.5, 2.0, 0.0, 0.0, -2.0, 0.5, -0.5, 0.0, 3.2, 40.0

max moves: 20232
iterations: 65
time: 1015.3004
sum: 505536
average over 100: 50542.05
40.0, 0.5, -2.0, 0.0, 2.0, 31.0, -2.0, 0.0, 56.0, -5.5, 0.0, 8.0, -2.5, 0.0, -1.5, 0.0, -2.0, 0.0, 0.0, -0.5, -0.5, -3.5, 2.0, -2.5, 2.0, 0.0, 2.0, -2.0, 0.5, -0.5, 0.0, 3.7, 41.0

time: 1216.6258666666668
sum: 957830
average over 100: 44761.32
40.0, 0.5, -2.0, 0.0, 2.0, 31.0, -2.0, 0.0, 54.0, -5.5, 0.0, 8.0, -3.0, 0.0, -1.5, 0.0, -2.0, 0.0, 0.0, -0.5, -0.5, -3.5, 2.0, -2.5, 2.0, 0.0, 2.0, -2.0, 0.0, -0.5, 0.0, 3.7, 41.0

