BATCH_SIZE = 50;
STARTING_MOVES = 8000;
THRESHOLD_MOVES = 0.993;
STARTING_STEPS = 8.00;
DECAY_STEPS = 1.1;

Doubling numMoves to 16000
Rows Cleared: 3190.04
-7.72, 3.24, -14.16, 0.00, 23.83, -2.02, 3.47, 27.57, 4.17, 0.00, 0.00, -6.96, 6.83, 0.75, 0.00, 8.26, 0.00, 11.43, -3.69, 5.13, -5.64, 11.19, 9.09, 8.26, 13.91, 13.47, 16.27, 17.26, 6.83, 9.93, 0.00, 89.79

Dimension : 2
Step Size : 8.0000
Score     : 6345.82
-7.72, 3.24, -14.16, 0.00, 23.83, -2.02, 3.47, 27.57, 4.17, 0.00, 0.00, -6.96, 6.83, 0.75, 0.00, 8.26, 0.00, 11.43, -3.69, 5.13, -5.64, 11.19, 9.09, 8.26, 13.91, 13.47, 16.27, 17.26, 6.83, 9.93, 0.00, 89.79

Dimension : 7
Step Size : 8.0000
Score     : 6324.7
-7.72, 3.24, -14.16, 0.00, 23.83, -2.02, 3.47, 35.57, 4.17, 0.00, 0.00, -6.96, 6.83, 0.75, 0.00, 8.26, 0.00, 11.43, -3.69, 5.13, -5.64, 11.19, 9.09, 8.26, 13.91, 13.47, 16.27, 17.26, 6.83, 9.93, 0.00, 89.79

Doubling numMoves to 32000
Rows Cleared: 6396.62
-7.72, 3.24, -14.16, 0.00, 23.83, -2.02, 3.47, 35.57, 4.17, 0.00, 0.00, -6.96, 6.83, 0.75, 0.00, 8.26, 0.00, 11.43, -3.69, 5.13, -5.64, 11.19, 9.09, 8.26, 13.91, 13.47, 16.27, 17.26, 6.83, 9.93, 0.00, 89.79

Dimension : 21
Step Size : 8.0000
Score     : 11608.56
-7.72, 3.24, -14.16, 0.00, 23.83, -2.02, 3.47, 35.57, 4.17, 0.00, 0.00, -6.96, 6.83, 0.75, 0.00, 8.26, 0.00, 11.43, -3.69, 5.13, -5.64, 19.19, 9.09, 8.26, 13.91, 13.47, 16.27, 17.26, 6.83, 9.93, 0.00, 89.79

Dimension : 7
Step Size : 7.2727
Score     : 12344.78
-7.72, 3.24, -14.16, 0.00, 23.83, -2.02, 3.47, 42.84, 4.17, 0.00, 0.00, -6.96, 6.83, 0.75, 0.00, 8.26, 0.00, 11.43, -3.69, 5.13, -5.64, 19.19, 9.09, 8.26, 13.91, 13.47, 16.27, 17.26, 6.83, 9.93, 0.00, 89.79

Dimension : 8
Step Size : 7.2727
Score     : 12259.18
-7.72, 3.24, -14.16, 0.00, 23.83, -2.02, 3.47, 42.84, -3.10, 0.00, 0.00, -6.96, 6.83, 0.75, 0.00, 8.26, 0.00, 11.43, -3.69, 5.13, -5.64, 19.19, 9.09, 8.26, 13.91, 13.47, 16.27, 17.26, 6.83, 9.93, 0.00, 89.79

Dimension : 31
Step Size : 7.2727
Score     : 12301.9
-7.72, 3.24, -14.16, 0.00, 23.83, -2.02, 3.47, 42.84, -3.10, 0.00, 0.00, -6.96, 6.83, 0.75, 0.00, 8.26, 0.00, 11.43, -3.69, 5.13, -5.64, 19.19, 9.09, 8.26, 13.91, 13.47, 16.27, 17.26, 6.83, 9.93, 0.00, 97.06

Dimension : 0
Step Size : 6.6116
Score     : 11878.28
-1.11, 3.24, -14.16, 0.00, 23.83, -2.02, 3.47, 42.84, -3.10, 0.00, 0.00, -6.96, 6.83, 0.75, 0.00, 8.26, 0.00, 11.43, -3.69, 5.13, -5.64, 19.19, 9.09, 8.26, 13.91, 13.47, 16.27, 17.26, 6.83, 9.93, 0.00, 97.06

Dimension : 0
Step Size : 6.6116
Score     : 12301.92
5.50, 3.24, -14.16, 0.00, 23.83, -2.02, 3.47, 42.84, -3.10, 0.00, 0.00, -6.96, 6.83, 0.75, 0.00, 8.26, 0.00, 11.43, -3.69, 5.13, -5.64, 19.19, 9.09, 8.26, 13.91, 13.47, 16.27, 17.26, 6.83, 9.93, 0.00, 97.06

Dimension : 2
Step Size : 6.6116
Score     : 12386.98
5.50, 3.24, -20.77, 0.00, 23.83, -2.02, 3.47, 42.84, -3.10, 0.00, 0.00, -6.96, 6.83, 0.75, 0.00, 8.26, 0.00, 11.43, -3.69, 5.13, -5.64, 19.19, 9.09, 8.26, 13.91, 13.47, 16.27, 17.26, 6.83, 9.93, 0.00, 97.06

Dimension : 7
Step Size : 6.6116
Score     : 12270.7
5.50, 3.24, -20.77, 0.00, 23.83, -2.02, 3.47, 49.45, -3.10, 0.00, 0.00, -6.96, 6.83, 0.75, 0.00, 8.26, 0.00, 11.43, -3.69, 5.13, -5.64, 19.19, 9.09, 8.26, 13.91, 13.47, 16.27, 17.26, 6.83, 9.93, 0.00, 97.06

Dimension : 7
Step Size : 6.6116
Score     : 12392.82
5.50, 3.24, -20.77, 0.00, 23.83, -2.02, 3.47, 56.07, -3.10, 0.00, 0.00, -6.96, 6.83, 0.75, 0.00, 8.26, 0.00, 11.43, -3.69, 5.13, -5.64, 19.19, 9.09, 8.26, 13.91, 13.47, 16.27, 17.26, 6.83, 9.93, 0.00, 97.06

Dimension : 15
Step Size : 6.6116
Score     : 12479.28
5.50, 3.24, -20.77, 0.00, 23.83, -2.02, 3.47, 56.07, -3.10, 0.00, 0.00, -6.96, 6.83, 0.75, 0.00, 1.65, 0.00, 11.43, -3.69, 5.13, -5.64, 19.19, 9.09, 8.26, 13.91, 13.47, 16.27, 17.26, 6.83, 9.93, 0.00, 97.06

Dimension : 18
Step Size : 6.6116
Score     : 11960.56
5.50, 3.24, -20.77, 0.00, 23.83, -2.02, 3.47, 56.07, -3.10, 0.00, 0.00, -6.96, 6.83, 0.75, 0.00, 1.65, 0.00, 11.43, 2.92, 5.13, -5.64, 19.19, 9.09, 8.26, 13.91, 13.47, 16.27, 17.26, 6.83, 9.93, 0.00, 97.06

Dimension : 0
Step Size : 6.0105
Score     : 11550.16
11.51, 3.24, -20.77, 0.00, 23.83, -2.02, 3.47, 56.07, -3.10, 0.00, 0.00, -6.96, 6.83, 0.75, 0.00, 1.65, 0.00, 11.43, 2.92, 5.13, -5.64, 19.19, 9.09, 8.26, 13.91, 13.47, 16.27, 17.26, 6.83, 9.93, 0.00, 97.06

Dimension : 7
Step Size : 6.0105
Score     : 11256.72
11.51, 3.24, -20.77, 0.00, 23.83, -2.02, 3.47, 50.06, -3.10, 0.00, 0.00, -6.96, 6.83, 0.75, 0.00, 1.65, 0.00, 11.43, 2.92, 5.13, -5.64, 19.19, 9.09, 8.26, 13.91, 13.47, 16.27, 17.26, 6.83, 9.93, 0.00, 97.06

Dimension : 7
Step Size : 6.0105
Score     : 11332.12
11.51, 3.24, -20.77, 0.00, 23.83, -2.02, 3.47, 44.04, -3.10, 0.00, 0.00, -6.96, 6.83, 0.75, 0.00, 1.65, 0.00, 11.43, 2.92, 5.13, -5.64, 19.19, 9.09, 8.26, 13.91, 13.47, 16.27, 17.26, 6.83, 9.93, 0.00, 97.06

Dimension : 7
Step Size : 6.0105
Score     : 11411.16
11.51, 3.24, -20.77, 0.00, 23.83, -2.02, 3.47, 38.03, -3.10, 0.00, 0.00, -6.96, 6.83, 0.75, 0.00, 1.65, 0.00, 11.43, 2.92, 5.13, -5.64, 19.19, 9.09, 8.26, 13.91, 13.47, 16.27, 17.26, 6.83, 9.93, 0.00, 97.06

Dimension : 7
Step Size : 6.0105
Score     : 11894.64
11.51, 3.24, -20.77, 0.00, 23.83, -2.02, 3.47, 32.02, -3.10, 0.00, 0.00, -6.96, 6.83, 0.75, 0.00, 1.65, 0.00, 11.43, 2.92, 5.13, -5.64, 19.19, 9.09, 8.26, 13.91, 13.47, 16.27, 17.26, 6.83, 9.93, 0.00, 97.06

Dimension : 7
Step Size : 6.0105
Score     : 12045.94
11.51, 3.24, -20.77, 0.00, 23.83, -2.02, 3.47, 26.01, -3.10, 0.00, 0.00, -6.96, 6.83, 0.75, 0.00, 1.65, 0.00, 11.43, 2.92, 5.13, -5.64, 19.19, 9.09, 8.26, 13.91, 13.47, 16.27, 17.26, 6.83, 9.93, 0.00, 97.06

Dimension : 11
Step Size : 6.0105
Score     : 11057.86
11.51, 3.24, -20.77, 0.00, 23.83, -2.02, 3.47, 26.01, -3.10, 0.00, 0.00, -12.97, 6.83, 0.75, 0.00, 1.65, 0.00, 11.43, 2.92, 5.13, -5.64, 19.19, 9.09, 8.26, 13.91, 13.47, 16.27, 17.26, 6.83, 9.93, 0.00, 97.06

Dimension : 12
Step Size : 6.0105
Score     : 11429.62
11.51, 3.24, -20.77, 0.00, 23.83, -2.02, 3.47, 26.01, -3.10, 0.00, 0.00, -12.97, 12.84, 0.75, 0.00, 1.65, 0.00, 11.43, 2.92, 5.13, -5.64, 19.19, 9.09, 8.26, 13.91, 13.47, 16.27, 17.26, 6.83, 9.93, 0.00, 97.06

Dimension : 14
Step Size : 6.0105
Score     : 11639.72
11.51, 3.24, -20.77, 0.00, 23.83, -2.02, 3.47, 26.01, -3.10, 0.00, 0.00, -12.97, 12.84, 0.75, 6.01, 1.65, 0.00, 11.43, 2.92, 5.13, -5.64, 19.19, 9.09, 8.26, 13.91, 13.47, 16.27, 17.26, 6.83, 9.93, 0.00, 97.06

Dimension : 14
Step Size : 6.0105
Score     : 12035.7
11.51, 3.24, -20.77, 0.00, 23.83, -2.02, 3.47, 26.01, -3.10, 0.00, 0.00, -12.97, 12.84, 0.75, 12.02, 1.65, 0.00, 11.43, 2.92, 5.13, -5.64, 19.19, 9.09, 8.26, 13.91, 13.47, 16.27, 17.26, 6.83, 9.93, 0.00, 97.06

Dimension : 17
Step Size : 6.0105
Score     : 11704.12
11.51, 3.24, -20.77, 0.00, 23.83, -2.02, 3.47, 26.01, -3.10, 0.00, 0.00, -12.97, 12.84, 0.75, 12.02, 1.65, 0.00, 5.42, 2.92, 5.13, -5.64, 19.19, 9.09, 8.26, 13.91, 13.47, 16.27, 17.26, 6.83, 9.93, 0.00, 97.06

Dimension : 23
Step Size : 6.0105
Score     : 11895.66
11.51, 3.24, -20.77, 0.00, 23.83, -2.02, 3.47, 26.01, -3.10, 0.00, 0.00, -12.97, 12.84, 0.75, 12.02, 1.65, 0.00, 5.42, 2.92, 5.13, -5.64, 19.19, 9.09, 14.27, 13.91, 13.47, 16.27, 17.26, 6.83, 9.93, 0.00, 97.06

Dimension : 23
Step Size : 6.0105
Score     : 11909.52
11.51, 3.24, -20.77, 0.00, 23.83, -2.02, 3.47, 26.01, -3.10, 0.00, 0.00, -12.97, 12.84, 0.75, 12.02, 1.65, 0.00, 5.42, 2.92, 5.13, -5.64, 19.19, 9.09, 20.28, 13.91, 13.47, 16.27, 17.26, 6.83, 9.93, 0.00, 97.06

Dimension : 26
Step Size : 6.0105
Score     : 11472.08
11.51, 3.24, -20.77, 0.00, 23.83, -2.02, 3.47, 26.01, -3.10, 0.00, 0.00, -12.97, 12.84, 0.75, 12.02, 1.65, 0.00, 5.42, 2.92, 5.13, -5.64, 19.19, 9.09, 20.28, 13.91, 13.47, 10.26, 17.26, 6.83, 9.93, 0.00, 97.06

Dimension : 2
Step Size : 5.4641
Score     : 12039.1
11.51, 3.24, -15.31, 0.00, 23.83, -2.02, 3.47, 26.01, -3.10, 0.00, 0.00, -12.97, 12.84, 0.75, 12.02, 1.65, 0.00, 5.42, 2.92, 5.13, -5.64, 19.19, 9.09, 20.28, 13.91, 13.47, 10.26, 17.26, 6.83, 9.93, 0.00, 97.06

Dimension : 13
Step Size : 5.4641
Score     : 12536.38
11.51, 3.24, -15.31, 0.00, 23.83, -2.02, 3.47, 26.01, -3.10, 0.00, 0.00, -12.97, 12.84, -4.71, 12.02, 1.65, 0.00, 5.42, 2.92, 5.13, -5.64, 19.19, 9.09, 20.28, 13.91, 13.47, 10.26, 17.26, 6.83, 9.93, 0.00, 97.06

Doubling numMoves to 64000
Rows Cleared: 12758.92
11.51, 3.24, -15.31, 0.00, 23.83, -2.02, 3.47, 26.01, -3.10, 0.00, 0.00, -12.97, 12.84, -4.71, 12.02, 1.65, 0.00, 5.42, 2.92, 5.13, -5.64, 19.19, 9.09, 20.28, 13.91, 13.47, 10.26, 17.26, 6.83, 9.93, 0.00, 97.06
