BATCH_SIZE = 50;
STARTING_MOVES = 1000;
THRESHOLD_MOVES = 0.95;
STARTING_STEPS = 10.0;
DECAY_STEPS = 1.1;

Dimension : 1
Step Size : 10.0000
Score     : 5.62
0.00, 10.00, 0.00, 0.00, 0.00, 0.00, 0.00, 0.00, 0.00, 0.00, 0.00, 0.00, 0.00, 0.00, 0.00, 0.00, 0.00, 0.00, 0.00, 0.00, 0.00, 0.00, 0.00, 0.00, 0.00, 0.00, 0.00, 0.00, 0.00, 0.00, 0.00, 0.00

Dimension : 5
Step Size : 10.0000
Score     : 9.2
0.00, 10.00, 0.00, 0.00, 0.00, 10.00, 0.00, 0.00, 0.00, 0.00, 0.00, 0.00, 0.00, 0.00, 0.00, 0.00, 0.00, 0.00, 0.00, 0.00, 0.00, 0.00, 0.00, 0.00, 0.00, 0.00, 0.00, 0.00, 0.00, 0.00, 0.00, 0.00

Dimension : 6
Step Size : 10.0000
Score     : 18.84
0.00, 10.00, 0.00, 0.00, 0.00, 10.00, 10.00, 0.00, 0.00, 0.00, 0.00, 0.00, 0.00, 0.00, 0.00, 0.00, 0.00, 0.00, 0.00, 0.00, 0.00, 0.00, 0.00, 0.00, 0.00, 0.00, 0.00, 0.00, 0.00, 0.00, 0.00, 0.00

Dimension : 6
Step Size : 10.0000
Score     : 21.24
0.00, 10.00, 0.00, 0.00, 0.00, 10.00, 20.00, 0.00, 0.00, 0.00, 0.00, 0.00, 0.00, 0.00, 0.00, 0.00, 0.00, 0.00, 0.00, 0.00, 0.00, 0.00, 0.00, 0.00, 0.00, 0.00, 0.00, 0.00, 0.00, 0.00, 0.00, 0.00

Dimension : 7
Step Size : 10.0000
Score     : 24.22
0.00, 10.00, 0.00, 0.00, 0.00, 10.00, 20.00, 10.00, 0.00, 0.00, 0.00, 0.00, 0.00, 0.00, 0.00, 0.00, 0.00, 0.00, 0.00, 0.00, 0.00, 0.00, 0.00, 0.00, 0.00, 0.00, 0.00, 0.00, 0.00, 0.00, 0.00, 0.00

Dimension : 8
Step Size : 10.0000
Score     : 21.64
0.00, 10.00, 0.00, 0.00, 0.00, 10.00, 20.00, 10.00, -10.00, 0.00, 0.00, 0.00, 0.00, 0.00, 0.00, 0.00, 0.00, 0.00, 0.00, 0.00, 0.00, 0.00, 0.00, 0.00, 0.00, 0.00, 0.00, 0.00, 0.00, 0.00, 0.00, 0.00

Dimension : 21
Step Size : 10.0000
Score     : 26.56
0.00, 10.00, 0.00, 0.00, 0.00, 10.00, 20.00, 10.00, -10.00, 0.00, 0.00, 0.00, 0.00, 0.00, 0.00, 0.00, 0.00, 0.00, 0.00, 0.00, 0.00, 10.00, 0.00, 0.00, 0.00, 0.00, 0.00, 0.00, 0.00, 0.00, 0.00, 0.00

Dimension : 27
Step Size : 10.0000
Score     : 23.2
0.00, 10.00, 0.00, 0.00, 0.00, 10.00, 20.00, 10.00, -10.00, 0.00, 0.00, 0.00, 0.00, 0.00, 0.00, 0.00, 0.00, 0.00, 0.00, 0.00, 0.00, 10.00, 0.00, 0.00, 0.00, 0.00, 0.00, 10.00, 0.00, 0.00, 0.00, 0.00

Dimension : 31
Step Size : 10.0000
Score     : 43.78
0.00, 10.00, 0.00, 0.00, 0.00, 10.00, 20.00, 10.00, -10.00, 0.00, 0.00, 0.00, 0.00, 0.00, 0.00, 0.00, 0.00, 0.00, 0.00, 0.00, 0.00, 10.00, 0.00, 0.00, 0.00, 0.00, 0.00, 10.00, 0.00, 0.00, 0.00, 10.00

Dimension : 4
Step Size : 9.0909
Score     : 44.72
0.00, 10.00, 0.00, 0.00, 9.09, 10.00, 20.00, 10.00, -10.00, 0.00, 0.00, 0.00, 0.00, 0.00, 0.00, 0.00, 0.00, 0.00, 0.00, 0.00, 0.00, 10.00, 0.00, 0.00, 0.00, 0.00, 0.00, 10.00, 0.00, 0.00, 0.00, 10.00

Dimension : 4
Step Size : 9.0909
Score     : 53.0
0.00, 10.00, 0.00, 0.00, 18.18, 10.00, 20.00, 10.00, -10.00, 0.00, 0.00, 0.00, 0.00, 0.00, 0.00, 0.00, 0.00, 0.00, 0.00, 0.00, 0.00, 10.00, 0.00, 0.00, 0.00, 0.00, 0.00, 10.00, 0.00, 0.00, 0.00, 10.00

Dimension : 22
Step Size : 9.0909
Score     : 48.5
0.00, 10.00, 0.00, 0.00, 18.18, 10.00, 20.00, 10.00, -10.00, 0.00, 0.00, 0.00, 0.00, 0.00, 0.00, 0.00, 0.00, 0.00, 0.00, 0.00, 0.00, 10.00, 9.09, 0.00, 0.00, 0.00, 0.00, 10.00, 0.00, 0.00, 0.00, 10.00

Dimension : 25
Step Size : 9.0909
Score     : 45.02
0.00, 10.00, 0.00, 0.00, 18.18, 10.00, 20.00, 10.00, -10.00, 0.00, 0.00, 0.00, 0.00, 0.00, 0.00, 0.00, 0.00, 0.00, 0.00, 0.00, 0.00, 10.00, 9.09, 0.00, 0.00, 9.09, 0.00, 10.00, 0.00, 0.00, 0.00, 10.00

Dimension : 26
Step Size : 9.0909
Score     : 47.8
0.00, 10.00, 0.00, 0.00, 18.18, 10.00, 20.00, 10.00, -10.00, 0.00, 0.00, 0.00, 0.00, 0.00, 0.00, 0.00, 0.00, 0.00, 0.00, 0.00, 0.00, 10.00, 9.09, 0.00, 0.00, 9.09, 9.09, 10.00, 0.00, 0.00, 0.00, 10.00

Dimension : 27
Step Size : 9.0909
Score     : 49.4
0.00, 10.00, 0.00, 0.00, 18.18, 10.00, 20.00, 10.00, -10.00, 0.00, 0.00, 0.00, 0.00, 0.00, 0.00, 0.00, 0.00, 0.00, 0.00, 0.00, 0.00, 10.00, 9.09, 0.00, 0.00, 9.09, 9.09, 19.09, 0.00, 0.00, 0.00, 10.00

Dimension : 31
Step Size : 9.0909
Score     : 66.1
0.00, 10.00, 0.00, 0.00, 18.18, 10.00, 20.00, 10.00, -10.00, 0.00, 0.00, 0.00, 0.00, 0.00, 0.00, 0.00, 0.00, 0.00, 0.00, 0.00, 0.00, 10.00, 9.09, 0.00, 0.00, 9.09, 9.09, 19.09, 0.00, 0.00, 0.00, 19.09

Dimension : 31
Step Size : 9.0909
Score     : 79.34
0.00, 10.00, 0.00, 0.00, 18.18, 10.00, 20.00, 10.00, -10.00, 0.00, 0.00, 0.00, 0.00, 0.00, 0.00, 0.00, 0.00, 0.00, 0.00, 0.00, 0.00, 10.00, 9.09, 0.00, 0.00, 9.09, 9.09, 19.09, 0.00, 0.00, 0.00, 28.18

Dimension : 31
Step Size : 9.0909
Score     : 100.88
0.00, 10.00, 0.00, 0.00, 18.18, 10.00, 20.00, 10.00, -10.00, 0.00, 0.00, 0.00, 0.00, 0.00, 0.00, 0.00, 0.00, 0.00, 0.00, 0.00, 0.00, 10.00, 9.09, 0.00, 0.00, 9.09, 9.09, 19.09, 0.00, 0.00, 0.00, 37.27

Dimension : 31
Step Size : 9.0909
Score     : 149.82
0.00, 10.00, 0.00, 0.00, 18.18, 10.00, 20.00, 10.00, -10.00, 0.00, 0.00, 0.00, 0.00, 0.00, 0.00, 0.00, 0.00, 0.00, 0.00, 0.00, 0.00, 10.00, 9.09, 0.00, 0.00, 9.09, 9.09, 19.09, 0.00, 0.00, 0.00, 46.36

Dimension : 1
Step Size : 8.2645
Score     : 147.18
0.00, 18.26, 0.00, 0.00, 18.18, 10.00, 20.00, 10.00, -10.00, 0.00, 0.00, 0.00, 0.00, 0.00, 0.00, 0.00, 0.00, 0.00, 0.00, 0.00, 0.00, 10.00, 9.09, 0.00, 0.00, 9.09, 9.09, 19.09, 0.00, 0.00, 0.00, 46.36

Dimension : 5
Step Size : 8.2645
Score     : 172.74
0.00, 18.26, 0.00, 0.00, 18.18, 1.74, 20.00, 10.00, -10.00, 0.00, 0.00, 0.00, 0.00, 0.00, 0.00, 0.00, 0.00, 0.00, 0.00, 0.00, 0.00, 10.00, 9.09, 0.00, 0.00, 9.09, 9.09, 19.09, 0.00, 0.00, 0.00, 46.36

Dimension : 6
Step Size : 8.2645
Score     : 174.78
0.00, 18.26, 0.00, 0.00, 18.18, 1.74, 11.74, 10.00, -10.00, 0.00, 0.00, 0.00, 0.00, 0.00, 0.00, 0.00, 0.00, 0.00, 0.00, 0.00, 0.00, 10.00, 9.09, 0.00, 0.00, 9.09, 9.09, 19.09, 0.00, 0.00, 0.00, 46.36

Dimension : 6
Step Size : 8.2645
Score     : 223.72
0.00, 18.26, 0.00, 0.00, 18.18, 1.74, 3.47, 10.00, -10.00, 0.00, 0.00, 0.00, 0.00, 0.00, 0.00, 0.00, 0.00, 0.00, 0.00, 0.00, 0.00, 10.00, 9.09, 0.00, 0.00, 9.09, 9.09, 19.09, 0.00, 0.00, 0.00, 46.36

Dimension : 7
Step Size : 8.2645
Score     : 265.56
0.00, 18.26, 0.00, 0.00, 18.18, 1.74, 3.47, 18.26, -10.00, 0.00, 0.00, 0.00, 0.00, 0.00, 0.00, 0.00, 0.00, 0.00, 0.00, 0.00, 0.00, 10.00, 9.09, 0.00, 0.00, 9.09, 9.09, 19.09, 0.00, 0.00, 0.00, 46.36

Dimension : 11
Step Size : 8.2645
Score     : 270.18
0.00, 18.26, 0.00, 0.00, 18.18, 1.74, 3.47, 18.26, -10.00, 0.00, 0.00, -8.26, 0.00, 0.00, 0.00, 0.00, 0.00, 0.00, 0.00, 0.00, 0.00, 10.00, 9.09, 0.00, 0.00, 9.09, 9.09, 19.09, 0.00, 0.00, 0.00, 46.36

Dimension : 13
Step Size : 8.2645
Score     : 243.02
0.00, 18.26, 0.00, 0.00, 18.18, 1.74, 3.47, 18.26, -10.00, 0.00, 0.00, -8.26, 0.00, 8.26, 0.00, 0.00, 0.00, 0.00, 0.00, 0.00, 0.00, 10.00, 9.09, 0.00, 0.00, 9.09, 9.09, 19.09, 0.00, 0.00, 0.00, 46.36

Dimension : 15
Step Size : 8.2645
Score     : 249.9
0.00, 18.26, 0.00, 0.00, 18.18, 1.74, 3.47, 18.26, -10.00, 0.00, 0.00, -8.26, 0.00, 8.26, 0.00, 8.26, 0.00, 0.00, 0.00, 0.00, 0.00, 10.00, 9.09, 0.00, 0.00, 9.09, 9.09, 19.09, 0.00, 0.00, 0.00, 46.36

Dimension : 17
Step Size : 8.2645
Score     : 272.82
0.00, 18.26, 0.00, 0.00, 18.18, 1.74, 3.47, 18.26, -10.00, 0.00, 0.00, -8.26, 0.00, 8.26, 0.00, 8.26, 0.00, 8.26, 0.00, 0.00, 0.00, 10.00, 9.09, 0.00, 0.00, 9.09, 9.09, 19.09, 0.00, 0.00, 0.00, 46.36

Dimension : 23
Step Size : 8.2645
Score     : 309.5
0.00, 18.26, 0.00, 0.00, 18.18, 1.74, 3.47, 18.26, -10.00, 0.00, 0.00, -8.26, 0.00, 8.26, 0.00, 8.26, 0.00, 8.26, 0.00, 0.00, 0.00, 10.00, 9.09, 8.26, 0.00, 9.09, 9.09, 19.09, 0.00, 0.00, 0.00, 46.36

Dimension : 24
Step Size : 8.2645
Score     : 319.24
0.00, 18.26, 0.00, 0.00, 18.18, 1.74, 3.47, 18.26, -10.00, 0.00, 0.00, -8.26, 0.00, 8.26, 0.00, 8.26, 0.00, 8.26, 0.00, 0.00, 0.00, 10.00, 9.09, 8.26, 8.26, 9.09, 9.09, 19.09, 0.00, 0.00, 0.00, 46.36

Dimension : 25
Step Size : 8.2645
Score     : 314.9
0.00, 18.26, 0.00, 0.00, 18.18, 1.74, 3.47, 18.26, -10.00, 0.00, 0.00, -8.26, 0.00, 8.26, 0.00, 8.26, 0.00, 8.26, 0.00, 0.00, 0.00, 10.00, 9.09, 8.26, 8.26, 0.83, 9.09, 19.09, 0.00, 0.00, 0.00, 46.36

Dimension : 27
Step Size : 8.2645
Score     : 312.02
0.00, 18.26, 0.00, 0.00, 18.18, 1.74, 3.47, 18.26, -10.00, 0.00, 0.00, -8.26, 0.00, 8.26, 0.00, 8.26, 0.00, 8.26, 0.00, 0.00, 0.00, 10.00, 9.09, 8.26, 8.26, 0.83, 9.09, 10.83, 0.00, 0.00, 0.00, 46.36

Dimension : 29
Step Size : 8.2645
Score     : 312.9
0.00, 18.26, 0.00, 0.00, 18.18, 1.74, 3.47, 18.26, -10.00, 0.00, 0.00, -8.26, 0.00, 8.26, 0.00, 8.26, 0.00, 8.26, 0.00, 0.00, 0.00, 10.00, 9.09, 8.26, 8.26, 0.83, 9.09, 10.83, 0.00, 8.26, 0.00, 46.36

Dimension : 29
Step Size : 8.2645
Score     : 329.94
0.00, 18.26, 0.00, 0.00, 18.18, 1.74, 3.47, 18.26, -10.00, 0.00, 0.00, -8.26, 0.00, 8.26, 0.00, 8.26, 0.00, 8.26, 0.00, 0.00, 0.00, 10.00, 9.09, 8.26, 8.26, 0.83, 9.09, 10.83, 0.00, 16.53, 0.00, 46.36

Dimension : 31
Step Size : 8.2645
Score     : 356.22
0.00, 18.26, 0.00, 0.00, 18.18, 1.74, 3.47, 18.26, -10.00, 0.00, 0.00, -8.26, 0.00, 8.26, 0.00, 8.26, 0.00, 8.26, 0.00, 0.00, 0.00, 10.00, 9.09, 8.26, 8.26, 0.83, 9.09, 10.83, 0.00, 16.53, 0.00, 54.63

Dimension : 0
Step Size : 7.5131
Score     : 344.1
7.51, 18.26, 0.00, 0.00, 18.18, 1.74, 3.47, 18.26, -10.00, 0.00, 0.00, -8.26, 0.00, 8.26, 0.00, 8.26, 0.00, 8.26, 0.00, 0.00, 0.00, 10.00, 9.09, 8.26, 8.26, 0.83, 9.09, 10.83, 0.00, 16.53, 0.00, 54.63

Dimension : 0
Step Size : 7.5131
Score     : 363.44
15.03, 18.26, 0.00, 0.00, 18.18, 1.74, 3.47, 18.26, -10.00, 0.00, 0.00, -8.26, 0.00, 8.26, 0.00, 8.26, 0.00, 8.26, 0.00, 0.00, 0.00, 10.00, 9.09, 8.26, 8.26, 0.83, 9.09, 10.83, 0.00, 16.53, 0.00, 54.63

Dimension : 1
Step Size : 7.5131
Score     : 640.72
15.03, 10.75, 0.00, 0.00, 18.18, 1.74, 3.47, 18.26, -10.00, 0.00, 0.00, -8.26, 0.00, 8.26, 0.00, 8.26, 0.00, 8.26, 0.00, 0.00, 0.00, 10.00, 9.09, 8.26, 8.26, 0.83, 9.09, 10.83, 0.00, 16.53, 0.00, 54.63

Dimension : 1
Step Size : 7.5131
Score     : 694.92
15.03, 3.24, 0.00, 0.00, 18.18, 1.74, 3.47, 18.26, -10.00, 0.00, 0.00, -8.26, 0.00, 8.26, 0.00, 8.26, 0.00, 8.26, 0.00, 0.00, 0.00, 10.00, 9.09, 8.26, 8.26, 0.83, 9.09, 10.83, 0.00, 16.53, 0.00, 54.63

Dimension : 11
Step Size : 7.5131
Score     : 705.16
15.03, 3.24, 0.00, 0.00, 18.18, 1.74, 3.47, 18.26, -10.00, 0.00, 0.00, -0.75, 0.00, 8.26, 0.00, 8.26, 0.00, 8.26, 0.00, 0.00, 0.00, 10.00, 9.09, 8.26, 8.26, 0.83, 9.09, 10.83, 0.00, 16.53, 0.00, 54.63

Dimension : 13
Step Size : 7.5131
Score     : 700.82
15.03, 3.24, 0.00, 0.00, 18.18, 1.74, 3.47, 18.26, -10.00, 0.00, 0.00, -0.75, 0.00, 0.75, 0.00, 8.26, 0.00, 8.26, 0.00, 0.00, 0.00, 10.00, 9.09, 8.26, 8.26, 0.83, 9.09, 10.83, 0.00, 16.53, 0.00, 54.63

Dimension : 25
Step Size : 7.5131
Score     : 741.6
15.03, 3.24, 0.00, 0.00, 18.18, 1.74, 3.47, 18.26, -10.00, 0.00, 0.00, -0.75, 0.00, 0.75, 0.00, 8.26, 0.00, 8.26, 0.00, 0.00, 0.00, 10.00, 9.09, 8.26, 8.26, 8.34, 9.09, 10.83, 0.00, 16.53, 0.00, 54.63

Dimension : 27
Step Size : 7.5131
Score     : 1428.72
15.03, 3.24, 0.00, 0.00, 18.18, 1.74, 3.47, 18.26, -10.00, 0.00, 0.00, -0.75, 0.00, 0.75, 0.00, 8.26, 0.00, 8.26, 0.00, 0.00, 0.00, 10.00, 9.09, 8.26, 8.26, 8.34, 9.09, 18.34, 0.00, 16.53, 0.00, 54.63

Dimension : 29
Step Size : 7.5131
Score     : 1358.68
15.03, 3.24, 0.00, 0.00, 18.18, 1.74, 3.47, 18.26, -10.00, 0.00, 0.00, -0.75, 0.00, 0.75, 0.00, 8.26, 0.00, 8.26, 0.00, 0.00, 0.00, 10.00, 9.09, 8.26, 8.26, 8.34, 9.09, 18.34, 0.00, 9.02, 0.00, 54.63

Dimension : 0
Step Size : 6.8301
Score     : 1294.52
8.20, 3.24, 0.00, 0.00, 18.18, 1.74, 3.47, 18.26, -10.00, 0.00, 0.00, -0.75, 0.00, 0.75, 0.00, 8.26, 0.00, 8.26, 0.00, 0.00, 0.00, 10.00, 9.09, 8.26, 8.26, 8.34, 9.09, 18.34, 0.00, 9.02, 0.00, 54.63

Dimension : 0
Step Size : 6.8301
Score     : 1422.64
1.37, 3.24, 0.00, 0.00, 18.18, 1.74, 3.47, 18.26, -10.00, 0.00, 0.00, -0.75, 0.00, 0.75, 0.00, 8.26, 0.00, 8.26, 0.00, 0.00, 0.00, 10.00, 9.09, 8.26, 8.26, 8.34, 9.09, 18.34, 0.00, 9.02, 0.00, 54.63

Dimension : 7
Step Size : 6.8301
Score     : 1372.08
1.37, 3.24, 0.00, 0.00, 18.18, 1.74, 3.47, 25.09, -10.00, 0.00, 0.00, -0.75, 0.00, 0.75, 0.00, 8.26, 0.00, 8.26, 0.00, 0.00, 0.00, 10.00, 9.09, 8.26, 8.26, 8.34, 9.09, 18.34, 0.00, 9.02, 0.00, 54.63

Dimension : 7
Step Size : 6.8301
Score     : 1488.66
1.37, 3.24, 0.00, 0.00, 18.18, 1.74, 3.47, 31.92, -10.00, 0.00, 0.00, -0.75, 0.00, 0.75, 0.00, 8.26, 0.00, 8.26, 0.00, 0.00, 0.00, 10.00, 9.09, 8.26, 8.26, 8.34, 9.09, 18.34, 0.00, 9.02, 0.00, 54.63

Dimension : 12
Step Size : 6.8301
Score     : 1404.9
1.37, 3.24, 0.00, 0.00, 18.18, 1.74, 3.47, 31.92, -10.00, 0.00, 0.00, -0.75, 6.83, 0.75, 0.00, 8.26, 0.00, 8.26, 0.00, 0.00, 0.00, 10.00, 9.09, 8.26, 8.26, 8.34, 9.09, 18.34, 0.00, 9.02, 0.00, 54.63

Dimension : 17
Step Size : 6.8301
Score     : 2792.58
1.37, 3.24, 0.00, 0.00, 18.18, 1.74, 3.47, 31.92, -10.00, 0.00, 0.00, -0.75, 6.83, 0.75, 0.00, 8.26, 0.00, 1.43, 0.00, 0.00, 0.00, 10.00, 9.09, 8.26, 8.26, 8.34, 9.09, 18.34, 0.00, 9.02, 0.00, 54.63

Dimension : 21
Step Size : 6.8301
Score     : 2510.2
1.37, 3.24, 0.00, 0.00, 18.18, 1.74, 3.47, 31.92, -10.00, 0.00, 0.00, -0.75, 6.83, 0.75, 0.00, 8.26, 0.00, 1.43, 0.00, 0.00, 0.00, 16.83, 9.09, 8.26, 8.26, 8.34, 9.09, 18.34, 0.00, 9.02, 0.00, 54.63

Dimension : 28
Step Size : 6.8301
Score     : 2625.22
1.37, 3.24, 0.00, 0.00, 18.18, 1.74, 3.47, 31.92, -10.00, 0.00, 0.00, -0.75, 6.83, 0.75, 0.00, 8.26, 0.00, 1.43, 0.00, 0.00, 0.00, 16.83, 9.09, 8.26, 8.26, 8.34, 9.09, 18.34, 6.83, 9.02, 0.00, 54.63

Dimension : 8
Step Size : 6.2092
Score     : 2759.82
1.37, 3.24, 0.00, 0.00, 18.18, 1.74, 3.47, 31.92, -16.21, 0.00, 0.00, -0.75, 6.83, 0.75, 0.00, 8.26, 0.00, 1.43, 0.00, 0.00, 0.00, 16.83, 9.09, 8.26, 8.26, 8.34, 9.09, 18.34, 6.83, 9.02, 0.00, 54.63

Dimension : 11
Step Size : 6.2092
Score     : 2543.8
1.37, 3.24, 0.00, 0.00, 18.18, 1.74, 3.47, 31.92, -16.21, 0.00, 0.00, -6.96, 6.83, 0.75, 0.00, 8.26, 0.00, 1.43, 0.00, 0.00, 0.00, 16.83, 9.09, 8.26, 8.26, 8.34, 9.09, 18.34, 6.83, 9.02, 0.00, 54.63

Dimension : 26
Step Size : 6.2092
Score     : 2718.04
1.37, 3.24, 0.00, 0.00, 18.18, 1.74, 3.47, 31.92, -16.21, 0.00, 0.00, -6.96, 6.83, 0.75, 0.00, 8.26, 0.00, 1.43, 0.00, 0.00, 0.00, 16.83, 9.09, 8.26, 8.26, 8.34, 2.88, 18.34, 6.83, 9.02, 0.00, 54.63

Dimension : 27
Step Size : 6.2092
Score     : 2811.48
1.37, 3.24, 0.00, 0.00, 18.18, 1.74, 3.47, 31.92, -16.21, 0.00, 0.00, -6.96, 6.83, 0.75, 0.00, 8.26, 0.00, 1.43, 0.00, 0.00, 0.00, 16.83, 9.09, 8.26, 8.26, 8.34, 2.88, 12.13, 6.83, 9.02, 0.00, 54.63

Dimension : 31
Step Size : 6.2092
Score     : 3074.28
1.37, 3.24, 0.00, 0.00, 18.18, 1.74, 3.47, 31.92, -16.21, 0.00, 0.00, -6.96, 6.83, 0.75, 0.00, 8.26, 0.00, 1.43, 0.00, 0.00, 0.00, 16.83, 9.09, 8.26, 8.26, 8.34, 2.88, 12.13, 6.83, 9.02, 0.00, 60.84

Dimension : 31
Step Size : 6.2092
Score     : 4658.08
1.37, 3.24, 0.00, 0.00, 18.18, 1.74, 3.47, 31.92, -16.21, 0.00, 0.00, -6.96, 6.83, 0.75, 0.00, 8.26, 0.00, 1.43, 0.00, 0.00, 0.00, 16.83, 9.09, 8.26, 8.26, 8.34, 2.88, 12.13, 6.83, 9.02, 0.00, 67.05

Dimension : 31
Step Size : 6.2092
Score     : 4690.52
1.37, 3.24, 0.00, 0.00, 18.18, 1.74, 3.47, 31.92, -16.21, 0.00, 0.00, -6.96, 6.83, 0.75, 0.00, 8.26, 0.00, 1.43, 0.00, 0.00, 0.00, 16.83, 9.09, 8.26, 8.26, 8.34, 2.88, 12.13, 6.83, 9.02, 0.00, 73.26

Dimension : 2
Step Size : 5.6447
Score     : 5198.32
1.37, 3.24, -5.64, 0.00, 18.18, 1.74, 3.47, 31.92, -16.21, 0.00, 0.00, -6.96, 6.83, 0.75, 0.00, 8.26, 0.00, 1.43, 0.00, 0.00, 0.00, 16.83, 9.09, 8.26, 8.26, 8.34, 2.88, 12.13, 6.83, 9.02, 0.00, 73.26

Dimension : 2
Step Size : 5.6447
Score     : 5431.4
1.37, 3.24, -11.29, 0.00, 18.18, 1.74, 3.47, 31.92, -16.21, 0.00, 0.00, -6.96, 6.83, 0.75, 0.00, 8.26, 0.00, 1.43, 0.00, 0.00, 0.00, 16.83, 9.09, 8.26, 8.26, 8.34, 2.88, 12.13, 6.83, 9.02, 0.00, 73.26

Dimension : 4
Step Size : 5.6447
Score     : 5610.34
1.37, 3.24, -11.29, 0.00, 23.83, 1.74, 3.47, 31.92, -16.21, 0.00, 0.00, -6.96, 6.83, 0.75, 0.00, 8.26, 0.00, 1.43, 0.00, 0.00, 0.00, 16.83, 9.09, 8.26, 8.26, 8.34, 2.88, 12.13, 6.83, 9.02, 0.00, 73.26

Dimension : 7
Step Size : 5.6447
Score     : 5898.98
1.37, 3.24, -11.29, 0.00, 23.83, 1.74, 3.47, 37.57, -16.21, 0.00, 0.00, -6.96, 6.83, 0.75, 0.00, 8.26, 0.00, 1.43, 0.00, 0.00, 0.00, 16.83, 9.09, 8.26, 8.26, 8.34, 2.88, 12.13, 6.83, 9.02, 0.00, 73.26

Dimension : 8
Step Size : 5.6447
Score     : 10727.52
1.37, 3.24, -11.29, 0.00, 23.83, 1.74, 3.47, 37.57, -10.56, 0.00, 0.00, -6.96, 6.83, 0.75, 0.00, 8.26, 0.00, 1.43, 0.00, 0.00, 0.00, 16.83, 9.09, 8.26, 8.26, 8.34, 2.88, 12.13, 6.83, 9.02, 0.00, 73.26

Dimension : 8
Step Size : 5.6447
Score     : 11455.2
1.37, 3.24, -11.29, 0.00, 23.83, 1.74, 3.47, 37.57, -4.92, 0.00, 0.00, -6.96, 6.83, 0.75, 0.00, 8.26, 0.00, 1.43, 0.00, 0.00, 0.00, 16.83, 9.09, 8.26, 8.26, 8.34, 2.88, 12.13, 6.83, 9.02, 0.00, 73.26

Dimension : 18
Step Size : 5.6447
Score     : 10404.74
1.37, 3.24, -11.29, 0.00, 23.83, 1.74, 3.47, 37.57, -4.92, 0.00, 0.00, -6.96, 6.83, 0.75, 0.00, 8.26, 0.00, 1.43, 5.64, 0.00, 0.00, 16.83, 9.09, 8.26, 8.26, 8.34, 2.88, 12.13, 6.83, 9.02, 0.00, 73.26

Dimension : 20
Step Size : 5.6447
Score     : 10803.42
1.37, 3.24, -11.29, 0.00, 23.83, 1.74, 3.47, 37.57, -4.92, 0.00, 0.00, -6.96, 6.83, 0.75, 0.00, 8.26, 0.00, 1.43, 5.64, 0.00, -5.64, 16.83, 9.09, 8.26, 8.26, 8.34, 2.88, 12.13, 6.83, 9.02, 0.00, 73.26

Dimension : 21
Step Size : 5.6447
Score     : 11358.38
1.37, 3.24, -11.29, 0.00, 23.83, 1.74, 3.47, 37.57, -4.92, 0.00, 0.00, -6.96, 6.83, 0.75, 0.00, 8.26, 0.00, 1.43, 5.64, 0.00, -5.64, 11.19, 9.09, 8.26, 8.26, 8.34, 2.88, 12.13, 6.83, 9.02, 0.00, 73.26

Dimension : 24
Step Size : 5.6447
Score     : 11081.88
1.37, 3.24, -11.29, 0.00, 23.83, 1.74, 3.47, 37.57, -4.92, 0.00, 0.00, -6.96, 6.83, 0.75, 0.00, 8.26, 0.00, 1.43, 5.64, 0.00, -5.64, 11.19, 9.09, 8.26, 13.91, 8.34, 2.88, 12.13, 6.83, 9.02, 0.00, 73.26

Dimension : 2
Step Size : 5.1316
Score     : 11006.74
1.37, 3.24, -6.16, 0.00, 23.83, 1.74, 3.47, 37.57, -4.92, 0.00, 0.00, -6.96, 6.83, 0.75, 0.00, 8.26, 0.00, 1.43, 5.64, 0.00, -5.64, 11.19, 9.09, 8.26, 13.91, 8.34, 2.88, 12.13, 6.83, 9.02, 0.00, 73.26

Dimension : 19
Step Size : 5.1316
Score     : 11175.72
1.37, 3.24, -6.16, 0.00, 23.83, 1.74, 3.47, 37.57, -4.92, 0.00, 0.00, -6.96, 6.83, 0.75, 0.00, 8.26, 0.00, 1.43, 5.64, 5.13, -5.64, 11.19, 9.09, 8.26, 13.91, 8.34, 2.88, 12.13, 6.83, 9.02, 0.00, 73.26

Dimension : 25
Step Size : 5.1316
Score     : 11830.14
1.37, 3.24, -6.16, 0.00, 23.83, 1.74, 3.47, 37.57, -4.92, 0.00, 0.00, -6.96, 6.83, 0.75, 0.00, 8.26, 0.00, 1.43, 5.64, 5.13, -5.64, 11.19, 9.09, 8.26, 13.91, 13.47, 2.88, 12.13, 6.83, 9.02, 0.00, 73.26

Dimension : 26
Step Size : 5.1316
Score     : 22764.8
1.37, 3.24, -6.16, 0.00, 23.83, 1.74, 3.47, 37.57, -4.92, 0.00, 0.00, -6.96, 6.83, 0.75, 0.00, 8.26, 0.00, 1.43, 5.64, 5.13, -5.64, 11.19, 9.09, 8.26, 13.91, 13.47, 8.01, 12.13, 6.83, 9.02, 0.00, 73.26

Dimension : 27
Step Size : 5.1316
Score     : 21623.12
1.37, 3.24, -6.16, 0.00, 23.83, 1.74, 3.47, 37.57, -4.92, 0.00, 0.00, -6.96, 6.83, 0.75, 0.00, 8.26, 0.00, 1.43, 5.64, 5.13, -5.64, 11.19, 9.09, 8.26, 13.91, 13.47, 8.01, 17.26, 6.83, 9.02, 0.00, 73.26

Dimension : 5
Step Size : 4.6651
Score     : 24438.92
1.37, 3.24, -6.16, 0.00, 23.83, -2.93, 3.47, 37.57, -4.92, 0.00, 0.00, -6.96, 6.83, 0.75, 0.00, 8.26, 0.00, 1.43, 5.64, 5.13, -5.64, 11.19, 9.09, 8.26, 13.91, 13.47, 8.01, 17.26, 6.83, 9.02, 0.00, 73.26

Dimension : 18
Step Size : 4.6651
Score     : 41878.94
1.37, 3.24, -6.16, 0.00, 23.83, -2.93, 3.47, 37.57, -4.92, 0.00, 0.00, -6.96, 6.83, 0.75, 0.00, 8.26, 0.00, 1.43, 0.98, 5.13, -5.64, 11.19, 9.09, 8.26, 13.91, 13.47, 8.01, 17.26, 6.83, 9.02, 0.00, 73.26

Dimension : 18
Step Size : 4.6651
Score     : 41917.92
1.37, 3.24, -6.16, 0.00, 23.83, -2.93, 3.47, 37.57, -4.92, 0.00, 0.00, -6.96, 6.83, 0.75, 0.00, 8.26, 0.00, 1.43, -3.69, 5.13, -5.64, 11.19, 9.09, 8.26, 13.91, 13.47, 8.01, 17.26, 6.83, 9.02, 0.00, 73.26

Dimension : 26
Step Size : 4.6651
Score     : 39969.38
1.37, 3.24, -6.16, 0.00, 23.83, -2.93, 3.47, 37.57, -4.92, 0.00, 0.00, -6.96, 6.83, 0.75, 0.00, 8.26, 0.00, 1.43, -3.69, 5.13, -5.64, 11.19, 9.09, 8.26, 13.91, 13.47, 12.68, 17.26, 6.83, 9.02, 0.00, 73.26

Dimension : 31
Step Size : 4.6651
Score     : 39528.46
1.37, 3.24, -6.16, 0.00, 23.83, -2.93, 3.47, 37.57, -4.92, 0.00, 0.00, -6.96, 6.83, 0.75, 0.00, 8.26, 0.00, 1.43, -3.69, 5.13, -5.64, 11.19, 9.09, 8.26, 13.91, 13.47, 12.68, 17.26, 6.83, 9.02, 0.00, 77.92

Dimension : 14
Step Size : 4.2410
Score     : 39473.72
1.37, 3.24, -6.16, 0.00, 23.83, -2.93, 3.47, 37.57, -4.92, 0.00, 0.00, -6.96, 6.83, 0.75, -4.24, 8.26, 0.00, 1.43, -3.69, 5.13, -5.64, 11.19, 9.09, 8.26, 13.91, 13.47, 12.68, 17.26, 6.83, 9.02, 0.00, 77.92

Dimension : 16
Step Size : 4.2410
Score     : 37388.76
1.37, 3.24, -6.16, 0.00, 23.83, -2.93, 3.47, 37.57, -4.92, 0.00, 0.00, -6.96, 6.83, 0.75, -4.24, 8.26, 4.24, 1.43, -3.69, 5.13, -5.64, 11.19, 9.09, 8.26, 13.91, 13.47, 12.68, 17.26, 6.83, 9.02, 0.00, 77.92

Dimension : 17
Step Size : 4.2410
Score     : 38992.4
1.37, 3.24, -6.16, 0.00, 23.83, -2.93, 3.47, 37.57, -4.92, 0.00, 0.00, -6.96, 6.83, 0.75, -4.24, 8.26, 4.24, 5.68, -3.69, 5.13, -5.64, 11.19, 9.09, 8.26, 13.91, 13.47, 12.68, 17.26, 6.83, 9.02, 0.00, 77.92

Dimension : 26
Step Size : 4.2410
Score     : 33410.94
1.37, 3.24, -6.16, 0.00, 23.83, -2.93, 3.47, 37.57, -4.92, 0.00, 0.00, -6.96, 6.83, 0.75, -4.24, 8.26, 4.24, 5.68, -3.69, 5.13, -5.64, 11.19, 9.09, 8.26, 13.91, 13.47, 16.92, 17.26, 6.83, 9.02, 0.00, 77.92

Dimension : 29
Step Size : 4.2410
Score     : 38084.64
1.37, 3.24, -6.16, 0.00, 23.83, -2.93, 3.47, 37.57, -4.92, 0.00, 0.00, -6.96, 6.83, 0.75, -4.24, 8.26, 4.24, 5.68, -3.69, 5.13, -5.64, 11.19, 9.09, 8.26, 13.91, 13.47, 16.92, 17.26, 6.83, 13.26, 0.00, 77.92

Dimension : 4
Step Size : 3.8554
Score     : 41759.78
1.37, 3.24, -6.16, 0.00, 19.97, -2.93, 3.47, 37.57, -4.92, 0.00, 0.00, -6.96, 6.83, 0.75, -4.24, 8.26, 4.24, 5.68, -3.69, 5.13, -5.64, 11.19, 9.09, 8.26, 13.91, 13.47, 16.92, 17.26, 6.83, 13.26, 0.00, 77.92
