BATCH_SIZE = 50;
STARTING_MOVES = 1000;
THRESHOLD_MOVES = 0.993;
STARTING_STEPS = 10.0;
DECAY_STEPS = 1.1;

Dimension : 5
Step Size : 10.0000
Score     : 1512.04
1.37, 3.24, -6.16, 0.00, 23.83, 7.07, 3.47, 37.57, -4.92, 0.00, 0.00, -6.96, 6.83, 0.75, 0.00, 8.26, 0.00, 1.43, -3.69, 5.13, -5.64, 11.19, 9.09, 8.26, 13.91, 13.47, 8.01, 17.26, 6.83, 9.02, 0.00, 73.26

Dimension : 7
Step Size : 10.0000
Score     : 1522.2
1.37, 3.24, -6.16, 0.00, 23.83, 7.07, 3.47, 27.57, -4.92, 0.00, 0.00, -6.96, 6.83, 0.75, 0.00, 8.26, 0.00, 1.43, -3.69, 5.13, -5.64, 11.19, 9.09, 8.26, 13.91, 13.47, 8.01, 17.26, 6.83, 9.02, 0.00, 73.26

Dimension : 17
Step Size : 10.0000
Score     : 2948.96
1.37, 3.24, -6.16, 0.00, 23.83, 7.07, 3.47, 27.57, -4.92, 0.00, 0.00, -6.96, 6.83, 0.75, 0.00, 8.26, 0.00, 11.43, -3.69, 5.13, -5.64, 11.19, 9.09, 8.26, 13.91, 13.47, 8.01, 17.26, 6.83, 9.02, 0.00, 73.26

Dimension : 29
Step Size : 10.0000
Score     : 2962.3
1.37, 3.24, -6.16, 0.00, 23.83, 7.07, 3.47, 27.57, -4.92, 0.00, 0.00, -6.96, 6.83, 0.75, 0.00, 8.26, 0.00, 11.43, -3.69, 5.13, -5.64, 11.19, 9.09, 8.26, 13.91, 13.47, 8.01, 17.26, 6.83, 19.02, 0.00, 73.26

Dimension : 0
Step Size : 9.0909
Score     : 2961.5
-7.72, 3.24, -6.16, 0.00, 23.83, 7.07, 3.47, 27.57, -4.92, 0.00, 0.00, -6.96, 6.83, 0.75, 0.00, 8.26, 0.00, 11.43, -3.69, 5.13, -5.64, 11.19, 9.09, 8.26, 13.91, 13.47, 8.01, 17.26, 6.83, 19.02, 0.00, 73.26

Dimension : 5
Step Size : 9.0909
Score     : 3082.84
-7.72, 3.24, -6.16, 0.00, 23.83, -2.02, 3.47, 27.57, -4.92, 0.00, 0.00, -6.96, 6.83, 0.75, 0.00, 8.26, 0.00, 11.43, -3.69, 5.13, -5.64, 11.19, 9.09, 8.26, 13.91, 13.47, 8.01, 17.26, 6.83, 19.02, 0.00, 73.26

Dimension : 8
Step Size : 9.0909
Score     : 3151.24
-7.72, 3.24, -6.16, 0.00, 23.83, -2.02, 3.47, 27.57, 4.17, 0.00, 0.00, -6.96, 6.83, 0.75, 0.00, 8.26, 0.00, 11.43, -3.69, 5.13, -5.64, 11.19, 9.09, 8.26, 13.91, 13.47, 8.01, 17.26, 6.83, 19.02, 0.00, 73.26

Dimension : 29
Step Size : 9.0909
Score     : 6065.38
-7.72, 3.24, -6.16, 0.00, 23.83, -2.02, 3.47, 27.57, 4.17, 0.00, 0.00, -6.96, 6.83, 0.75, 0.00, 8.26, 0.00, 11.43, -3.69, 5.13, -5.64, 11.19, 9.09, 8.26, 13.91, 13.47, 8.01, 17.26, 6.83, 9.93, 0.00, 73.26

Dimension : 26
Step Size : 8.2645
Score     : 11848.4
-7.72, 3.24, -6.16, 0.00, 23.83, -2.02, 3.47, 27.57, 4.17, 0.00, 0.00, -6.96, 6.83, 0.75, 0.00, 8.26, 0.00, 11.43, -3.69, 5.13, -5.64, 11.19, 9.09, 8.26, 13.91, 13.47, 16.27, 17.26, 6.83, 9.93, 0.00, 73.26

Dimension : 31
Step Size : 8.2645
Score     : 11691.54
-7.72, 3.24, -6.16, 0.00, 23.83, -2.02, 3.47, 27.57, 4.17, 0.00, 0.00, -6.96, 6.83, 0.75, 0.00, 8.26, 0.00, 11.43, -3.69, 5.13, -5.64, 11.19, 9.09, 8.26, 13.91, 13.47, 16.27, 17.26, 6.83, 9.93, 0.00, 81.52

Dimension : 31
Step Size : 8.2645
Score     : 11854.66
-7.72, 3.24, -6.16, 0.00, 23.83, -2.02, 3.47, 27.57, 4.17, 0.00, 0.00, -6.96, 6.83, 0.75, 0.00, 8.26, 0.00, 11.43, -3.69, 5.13, -5.64, 11.19, 9.09, 8.26, 13.91, 13.47, 16.27, 17.26, 6.83, 9.93, 0.00, 89.79

