iterations: 50
max moves: 1000
increment: 32.0
epsilon: 0.5

time: 145.61518333333333
sum: 4253
average over 100: 0.8454
6.0, 0.0, -10.0, 0.0, 0.5, 16.0, 0.5, 0.0, 42.0, -4.0, 0.0, 0.0, -2.0, 0.5, -2.0, 2.0, 0.0, 0.0, 2.0, -0.5, 0.0, -2.0, 2.0, 0.0, 2.0, 0.0, 0.0, 0.0, 2.0, -0.5, 0.0, 3.2, 44.0

max moves: 5000
iterations: 5000
time: 238.33255
sum: 4251
average over 100: 0.8562
6.0, 0.0, -10.0, 0.0, 0.5, 16.0, 0.5, 0.0, 26.0, -6.0, 0.0, 0.0, -2.0, 0.5, -2.0, 2.0, 0.0, 0.0, 2.0, -0.5, 0.0, -2.0, 2.0, 0.0, 2.0, 0.0, 0.0, 0.0, 2.0, -0.5, 0.0, 3.2, 44.0

max moves: 5000
iterations: 5000
