iterations: 50
max moves: 1000
increment: 32.0
epsilon: 0.5

max moves: 2000
time: 5.385133333333333
sum: 19791
average over 100: 3636.69
0.0, 0.0, 0.0, 0.0, 32.0, 0.0, 0.0, 72.0, 0.0, 0.0, 0.0, 0.0, 0.0, 0.0, 0.0, 0.0, 0.0, 0.0, 0.0, 0.0, 0.0, 0.0, 0.0, 0.0, 0.0, 0.0, 0.0, 0.0, 0.0, 0.0, 3.2, 32.0
max moves: 4000
time: 15.21505
sum: 39621
average over 100: 7979.83
0.0, 0.0, 0.0, 0.0, 32.0, 0.0, 0.0, 40.0, 0.0, 0.0, 0.0, 0.0, 0.0, 0.0, 0.0, 0.0, 0.0, 0.0, 0.0, 0.0, -1.0, 0.0, 0.0, 0.0, 0.0, 0.0, 0.0, 0.0, 0.0, 0.0, 3.2, 32.0
max moves: 8000
time: 36.504666666666665
sum: 76811
average over 100: 8888.71
0.0, 0.0, 0.0, 0.0, 32.0, 0.0, 0.0, 42.0, 0.0, 0.0, 0.0, 0.0, 0.0, 0.0, 0.0, 0.0, 0.0, 0.0, 0.0, 0.5, -1.0, 0.0, 0.0, 0.0, 0.0, 0.0, 0.0, 0.0, 0.0, 0.0, 3.2, 32.0
max moves: 16000
time: 66.96383333333333
sum: 159404
average over 100: 42677.99
0.0, -0.5, -6.0, 0.0, 16.0, 0.0, 0.0, 34.0, -2.0, 0.0, 0.0, 0.0, 0.0, 0.0, 0.0, 0.0, 0.0, 0.0, 0.0, 0.5, -1.0, 0.0, 0.0, 0.0, 0.0, 0.0, 0.0, 0.0, 0.0, 0.0, 3.2, 32.0
max moves: 32000
time: 128.09558333333334
sum: 315480
average over 100: 52133.22
0.0, -0.5, -6.0, 0.0, 16.0, 0.0, 0.0, 34.0, -2.0, 0.0, 0.0, 0.0, 0.0, 0.0, 0.0, 0.0, 0.0, 0.0, 0.0, 0.5, -1.0, 0.0, 0.0, 0.0, 0.0, 0.0, 0.0, 0.0, 0.0, 0.0, 3.2, 34.0
max moves: 64000
time: 223.08736666666667
sum: 613531
average over 100: 46187.17
0.0, -1.0, -6.0, 0.0, 16.0, 0.0, 0.0, 26.0, -2.0, 0.0, 0.0, 0.0, 0.0, 0.0, 0.0, 0.0, 0.0, 0.0, 0.0, 0.5, -1.0, 0.0, -2.0, 0.0, 0.0, 0.0, 0.0, 0.0, 0.0, 0.0, 3.2, 30.0
time: 394.1945666666667
sum: 1186650
average over 100: 42639.72
4.0, -1.0, -6.0, 0.0, 16.0, 0.0, 0.5, 26.0, 0.0, 0.0, 0.0, 0.0, 0.0, 0.0, 0.0, 0.0, 0.0, 2.0, 0.0, 0.5, -1.0, 2.0, -2.0, 0.0, 0.0, 0.0, 0.0, 0.0, 0.0, 0.0, 3.2, 30.0
time: 554.1909666666667
sum: 1145164
average over 100: 51590.34
4.0, -1.5, -8.0, 0.0, 8.0, 0.0, 0.5, 26.0, 0.0, 0.0, 0.0, 0.0, 0.0, 0.0, 0.0, 0.0, 0.0, 0.0, 0.0, 0.5, -1.0, 2.0, -2.0, 0.0, 0.0, 0.0, 0.0, 0.0, 0.0, 0.0, 3.2, 30.0
time: 762.8199333333333
sum: 1201816
average over 100: 75255.46
6.0, 0.5, -8.0, 0.0, 8.0, 0.0, 0.5, 26.0, 0.0, 0.0, 0.0, 0.0, 0.0, 0.0, 0.0, 0.0, 2.0, 0.0, 0.0, 0.5, -1.0, 2.0, -2.0, 0.0, 0.0, 0.0, 0.0, 0.5, 0.0, 0.0, 3.2, 32.0
time: 946.7558166666666
sum: 1169431
average over 100: 62216.85
-2.0, 0.5, -8.0, 0.0, 8.0, 0.0, 0.5, 18.0, -0.5, 0.0, 0.0, 0.0, 0.0, 0.0, 0.0, 0.0, 1.5, 0.0, 0.0, 0.5, -1.0, 2.0, -2.0, 0.0, 0.0, 0.0, 0.0, 0.5, 0.0, 0.0, 3.2, 31.5
