iterations: 50
max moves: 1000
increment: 32.0
epsilon: 0.125

time: 17.5707
sum: 18519
0.0, 64.0, 0.0, 0.0, 2.0, 0.625, 0.0, -16.0, 0.0, 0.0, 0.0, 2.0, 0.0, 0.0, 0.0, 0.0, 0.0, 0.0, 8.0, 0.0, 0.0, 0.0, 0.0, 0.0, 0.0, -8.0, 2.0, 10.95, 72.0
time: 35.2613
sum: 18626
-2.0, 0.0, 0.0, -8.0, 2.0, 0.625, 0.0, -16.0, -4.0, 0.0, 0.0, 2.0, 0.0, 8.0, 0.0, 0.5, 0.0, 0.0, 8.125, 0.0, 0.0, 0.0, 0.0, 0.0, 2.0, -8.0, 2.0, 10.95, 72.0
time: 55.08473333333333
sum: 19522
-1.875, 0.0, 0.0, -8.0, 2.0, 8.625, -0.125, -16.0, -4.0, 0.0, 0.0, 2.0, 0.0, 8.0, 0.5, -1.5, 0.0, 0.0, 8.25, 0.0, 0.0, 0.0, 2.0, 0.0, 1.875, -6.0, 2.0, 10.95, 72.0
